/*--------------------------------*- C++ -*----------------------------------*\
| =========                 |                                                 |
| \\      /  F ield         | OpenFOAM: The Open Source CFD Toolbox           |
|  \\    /   O peration     | Version:  2306                                  |
|   \\  /    A nd           | Website:  www.openfoam.com                      |
|    \\/     M anipulation  |                                                 |
\*---------------------------------------------------------------------------*/
FoamFile
{
    version     2.0;
    format      ascii;
    arch        "LSB;label=32;scalar=64";
    class       labelList;
    location    "constant/polyMesh";
    object      cellProcAddressing;
}
// * * * * * * * * * * * * * * * * * * * * * * * * * * * * * * * * * * * * * //


1250
(
0
1
2
3
4
10
11
12
13
14
20
21
22
23
24
30
31
32
33
34
40
41
42
43
44
50
51
52
53
54
60
61
62
63
64
70
71
72
73
74
80
81
82
83
84
90
91
92
93
94
100
101
102
103
104
110
111
112
113
114
120
121
122
123
124
130
131
132
133
134
140
141
142
143
144
150
151
152
153
154
160
161
162
163
164
170
171
172
173
174
180
181
182
183
184
190
191
192
193
194
200
201
202
203
204
210
211
212
213
214
220
221
222
223
224
230
231
232
233
234
240
241
242
243
244
500
501
502
503
504
510
511
512
513
514
520
521
522
523
524
530
531
532
533
534
540
541
542
543
544
550
551
552
553
554
560
561
562
563
564
570
571
572
573
574
580
581
582
583
584
590
591
592
593
594
600
601
602
603
604
610
611
612
613
614
620
621
622
623
624
630
631
632
633
634
640
641
642
643
644
650
651
652
653
654
660
661
662
663
664
670
671
672
673
674
680
681
682
683
684
690
691
692
693
694
700
701
702
703
704
710
711
712
713
714
720
721
722
723
724
730
731
732
733
734
740
741
742
743
744
1000
1001
1002
1003
1004
1010
1011
1012
1013
1014
1020
1021
1022
1023
1024
1030
1031
1032
1033
1034
1040
1041
1042
1043
1044
1050
1051
1052
1053
1054
1060
1061
1062
1063
1064
1070
1071
1072
1073
1074
1080
1081
1082
1083
1084
1090
1091
1092
1093
1094
1100
1101
1102
1103
1104
1110
1111
1112
1113
1114
1120
1121
1122
1123
1124
1130
1131
1132
1133
1134
1140
1141
1142
1143
1144
1150
1151
1152
1153
1154
1160
1161
1162
1163
1164
1170
1171
1172
1173
1174
1180
1181
1182
1183
1184
1190
1191
1192
1193
1194
1200
1201
1202
1203
1204
1210
1211
1212
1213
1214
1220
1221
1222
1223
1224
1230
1231
1232
1233
1234
1240
1241
1242
1243
1244
1500
1501
1502
1503
1504
1510
1511
1512
1513
1514
1520
1521
1522
1523
1524
1530
1531
1532
1533
1534
1540
1541
1542
1543
1544
1550
1551
1552
1553
1554
1560
1561
1562
1563
1564
1570
1571
1572
1573
1574
1580
1581
1582
1583
1584
1590
1591
1592
1593
1594
1600
1601
1602
1603
1604
1610
1611
1612
1613
1614
1620
1621
1622
1623
1624
1630
1631
1632
1633
1634
1640
1641
1642
1643
1644
1650
1651
1652
1653
1654
1660
1661
1662
1663
1664
1670
1671
1672
1673
1674
1680
1681
1682
1683
1684
1690
1691
1692
1693
1694
1700
1701
1702
1703
1704
1710
1711
1712
1713
1714
1720
1721
1722
1723
1724
1730
1731
1732
1733
1734
1740
1741
1742
1743
1744
2000
2001
2002
2003
2004
2010
2011
2012
2013
2014
2020
2021
2022
2023
2024
2030
2031
2032
2033
2034
2040
2041
2042
2043
2044
2050
2051
2052
2053
2054
2060
2061
2062
2063
2064
2070
2071
2072
2073
2074
2080
2081
2082
2083
2084
2090
2091
2092
2093
2094
2100
2101
2102
2103
2104
2110
2111
2112
2113
2114
2120
2121
2122
2123
2124
2130
2131
2132
2133
2134
2140
2141
2142
2143
2144
2150
2151
2152
2153
2154
2160
2161
2162
2163
2164
2170
2171
2172
2173
2174
2180
2181
2182
2183
2184
2190
2191
2192
2193
2194
2200
2201
2202
2203
2204
2210
2211
2212
2213
2214
2220
2221
2222
2223
2224
2230
2231
2232
2233
2234
2240
2241
2242
2243
2244
2500
2501
2502
2503
2504
2510
2511
2512
2513
2514
2520
2521
2522
2523
2524
2530
2531
2532
2533
2534
2540
2541
2542
2543
2544
2550
2551
2552
2553
2554
2560
2561
2562
2563
2564
2570
2571
2572
2573
2574
2580
2581
2582
2583
2584
2590
2591
2592
2593
2594
2600
2601
2602
2603
2604
2610
2611
2612
2613
2614
2620
2621
2622
2623
2624
2630
2631
2632
2633
2634
2640
2641
2642
2643
2644
2650
2651
2652
2653
2654
2660
2661
2662
2663
2664
2670
2671
2672
2673
2674
2680
2681
2682
2683
2684
2690
2691
2692
2693
2694
2700
2701
2702
2703
2704
2710
2711
2712
2713
2714
2720
2721
2722
2723
2724
2730
2731
2732
2733
2734
2740
2741
2742
2743
2744
3000
3001
3002
3003
3004
3010
3011
3012
3013
3014
3020
3021
3022
3023
3024
3030
3031
3032
3033
3034
3040
3041
3042
3043
3044
3050
3051
3052
3053
3054
3060
3061
3062
3063
3064
3070
3071
3072
3073
3074
3080
3081
3082
3083
3084
3090
3091
3092
3093
3094
3100
3101
3102
3103
3104
3110
3111
3112
3113
3114
3120
3121
3122
3123
3124
3130
3131
3132
3133
3134
3140
3141
3142
3143
3144
3150
3151
3152
3153
3154
3160
3161
3162
3163
3164
3170
3171
3172
3173
3174
3180
3181
3182
3183
3184
3190
3191
3192
3193
3194
3200
3201
3202
3203
3204
3210
3211
3212
3213
3214
3220
3221
3222
3223
3224
3230
3231
3232
3233
3234
3240
3241
3242
3243
3244
3500
3501
3502
3503
3504
3510
3511
3512
3513
3514
3520
3521
3522
3523
3524
3530
3531
3532
3533
3534
3540
3541
3542
3543
3544
3550
3551
3552
3553
3554
3560
3561
3562
3563
3564
3570
3571
3572
3573
3574
3580
3581
3582
3583
3584
3590
3591
3592
3593
3594
3600
3601
3602
3603
3604
3610
3611
3612
3613
3614
3620
3621
3622
3623
3624
3630
3631
3632
3633
3634
3640
3641
3642
3643
3644
3650
3651
3652
3653
3654
3660
3661
3662
3663
3664
3670
3671
3672
3673
3674
3680
3681
3682
3683
3684
3690
3691
3692
3693
3694
3700
3701
3702
3703
3704
3710
3711
3712
3713
3714
3720
3721
3722
3723
3724
3730
3731
3732
3733
3734
3740
3741
3742
3743
3744
4000
4001
4002
4003
4004
4010
4011
4012
4013
4014
4020
4021
4022
4023
4024
4030
4031
4032
4033
4034
4040
4041
4042
4043
4044
4050
4051
4052
4053
4054
4060
4061
4062
4063
4064
4070
4071
4072
4073
4074
4080
4081
4082
4083
4084
4090
4091
4092
4093
4094
4100
4101
4102
4103
4104
4110
4111
4112
4113
4114
4120
4121
4122
4123
4124
4130
4131
4132
4133
4134
4140
4141
4142
4143
4144
4150
4151
4152
4153
4154
4160
4161
4162
4163
4164
4170
4171
4172
4173
4174
4180
4181
4182
4183
4184
4190
4191
4192
4193
4194
4200
4201
4202
4203
4204
4210
4211
4212
4213
4214
4220
4221
4222
4223
4224
4230
4231
4232
4233
4234
4240
4241
4242
4243
4244
4500
4501
4502
4503
4504
4510
4511
4512
4513
4514
4520
4521
4522
4523
4524
4530
4531
4532
4533
4534
4540
4541
4542
4543
4544
4550
4551
4552
4553
4554
4560
4561
4562
4563
4564
4570
4571
4572
4573
4574
4580
4581
4582
4583
4584
4590
4591
4592
4593
4594
4600
4601
4602
4603
4604
4610
4611
4612
4613
4614
4620
4621
4622
4623
4624
4630
4631
4632
4633
4634
4640
4641
4642
4643
4644
4650
4651
4652
4653
4654
4660
4661
4662
4663
4664
4670
4671
4672
4673
4674
4680
4681
4682
4683
4684
4690
4691
4692
4693
4694
4700
4701
4702
4703
4704
4710
4711
4712
4713
4714
4720
4721
4722
4723
4724
4730
4731
4732
4733
4734
4740
4741
4742
4743
4744
)


// ************************************************************************* //
