/*--------------------------------*- C++ -*----------------------------------*\
| =========                 |                                                 |
| \\      /  F ield         | OpenFOAM: The Open Source CFD Toolbox           |
|  \\    /   O peration     | Version:  2306                                  |
|   \\  /    A nd           | Website:  www.openfoam.com                      |
|    \\/     M anipulation  |                                                 |
\*---------------------------------------------------------------------------*/
FoamFile
{
    version     2.0;
    format      ascii;
    arch        "LSB;label=32;scalar=64";
    class       labelList;
    location    "constant/polyMesh";
    object      faceProcAddressing;
}
// * * * * * * * * * * * * * * * * * * * * * * * * * * * * * * * * * * * * * //


4175
(
1
2
3
4
5
6
7
8
9
10
11
12
14
15
30
31
32
33
34
35
36
37
38
39
40
41
43
44
59
60
61
62
63
64
65
66
67
68
69
70
72
73
88
89
90
91
92
93
94
95
96
97
98
99
101
102
117
118
119
120
121
122
123
124
125
126
127
128
130
131
146
147
148
149
150
151
152
153
154
155
156
157
159
160
175
176
177
178
179
180
181
182
183
184
185
186
188
189
204
205
206
207
208
209
210
211
212
213
214
215
217
218
233
234
235
236
237
238
239
240
241
242
243
244
246
247
262
263
264
265
266
267
268
269
270
271
272
273
275
276
291
292
293
294
295
296
297
298
299
300
301
302
304
305
320
321
322
323
324
325
326
327
328
329
330
331
333
334
349
350
351
352
353
354
355
356
357
358
359
360
362
363
378
379
380
381
382
383
384
385
386
387
388
389
391
392
407
408
409
410
411
412
413
414
415
416
417
418
420
421
436
437
438
439
440
441
442
443
444
445
446
447
449
450
465
466
467
468
469
470
471
472
473
474
475
476
478
479
494
495
496
497
498
499
500
501
502
503
504
505
507
508
523
524
525
526
527
528
529
530
531
532
533
534
536
537
552
553
554
555
556
557
558
559
560
561
562
563
565
566
581
582
583
584
585
586
587
588
589
590
591
592
594
595
610
611
612
613
614
615
616
617
618
619
620
621
623
624
639
640
641
642
643
644
645
646
647
648
649
650
652
653
668
669
670
671
672
673
674
675
676
677
678
679
681
682
697
699
700
702
703
705
706
708
711
1441
1442
1443
1444
1445
1446
1447
1448
1449
1450
1451
1452
1454
1455
1470
1471
1472
1473
1474
1475
1476
1477
1478
1479
1480
1481
1483
1484
1499
1500
1501
1502
1503
1504
1505
1506
1507
1508
1509
1510
1512
1513
1528
1529
1530
1531
1532
1533
1534
1535
1536
1537
1538
1539
1541
1542
1557
1558
1559
1560
1561
1562
1563
1564
1565
1566
1567
1568
1570
1571
1586
1587
1588
1589
1590
1591
1592
1593
1594
1595
1596
1597
1599
1600
1615
1616
1617
1618
1619
1620
1621
1622
1623
1624
1625
1626
1628
1629
1644
1645
1646
1647
1648
1649
1650
1651
1652
1653
1654
1655
1657
1658
1673
1674
1675
1676
1677
1678
1679
1680
1681
1682
1683
1684
1686
1687
1702
1703
1704
1705
1706
1707
1708
1709
1710
1711
1712
1713
1715
1716
1731
1732
1733
1734
1735
1736
1737
1738
1739
1740
1741
1742
1744
1745
1760
1761
1762
1763
1764
1765
1766
1767
1768
1769
1770
1771
1773
1774
1789
1790
1791
1792
1793
1794
1795
1796
1797
1798
1799
1800
1802
1803
1818
1819
1820
1821
1822
1823
1824
1825
1826
1827
1828
1829
1831
1832
1847
1848
1849
1850
1851
1852
1853
1854
1855
1856
1857
1858
1860
1861
1876
1877
1878
1879
1880
1881
1882
1883
1884
1885
1886
1887
1889
1890
1905
1906
1907
1908
1909
1910
1911
1912
1913
1914
1915
1916
1918
1919
1934
1935
1936
1937
1938
1939
1940
1941
1942
1943
1944
1945
1947
1948
1963
1964
1965
1966
1967
1968
1969
1970
1971
1972
1973
1974
1976
1977
1992
1993
1994
1995
1996
1997
1998
1999
2000
2001
2002
2003
2005
2006
2021
2022
2023
2024
2025
2026
2027
2028
2029
2030
2031
2032
2034
2035
2050
2051
2052
2053
2054
2055
2056
2057
2058
2059
2060
2061
2063
2064
2079
2080
2081
2082
2083
2084
2085
2086
2087
2088
2089
2090
2092
2093
2108
2109
2110
2111
2112
2113
2114
2115
2116
2117
2118
2119
2121
2122
2137
2139
2140
2142
2143
2145
2146
2148
2151
2881
2882
2883
2884
2885
2886
2887
2888
2889
2890
2891
2892
2894
2895
2910
2911
2912
2913
2914
2915
2916
2917
2918
2919
2920
2921
2923
2924
2939
2940
2941
2942
2943
2944
2945
2946
2947
2948
2949
2950
2952
2953
2968
2969
2970
2971
2972
2973
2974
2975
2976
2977
2978
2979
2981
2982
2997
2998
2999
3000
3001
3002
3003
3004
3005
3006
3007
3008
3010
3011
3026
3027
3028
3029
3030
3031
3032
3033
3034
3035
3036
3037
3039
3040
3055
3056
3057
3058
3059
3060
3061
3062
3063
3064
3065
3066
3068
3069
3084
3085
3086
3087
3088
3089
3090
3091
3092
3093
3094
3095
3097
3098
3113
3114
3115
3116
3117
3118
3119
3120
3121
3122
3123
3124
3126
3127
3142
3143
3144
3145
3146
3147
3148
3149
3150
3151
3152
3153
3155
3156
3171
3172
3173
3174
3175
3176
3177
3178
3179
3180
3181
3182
3184
3185
3200
3201
3202
3203
3204
3205
3206
3207
3208
3209
3210
3211
3213
3214
3229
3230
3231
3232
3233
3234
3235
3236
3237
3238
3239
3240
3242
3243
3258
3259
3260
3261
3262
3263
3264
3265
3266
3267
3268
3269
3271
3272
3287
3288
3289
3290
3291
3292
3293
3294
3295
3296
3297
3298
3300
3301
3316
3317
3318
3319
3320
3321
3322
3323
3324
3325
3326
3327
3329
3330
3345
3346
3347
3348
3349
3350
3351
3352
3353
3354
3355
3356
3358
3359
3374
3375
3376
3377
3378
3379
3380
3381
3382
3383
3384
3385
3387
3388
3403
3404
3405
3406
3407
3408
3409
3410
3411
3412
3413
3414
3416
3417
3432
3433
3434
3435
3436
3437
3438
3439
3440
3441
3442
3443
3445
3446
3461
3462
3463
3464
3465
3466
3467
3468
3469
3470
3471
3472
3474
3475
3490
3491
3492
3493
3494
3495
3496
3497
3498
3499
3500
3501
3503
3504
3519
3520
3521
3522
3523
3524
3525
3526
3527
3528
3529
3530
3532
3533
3548
3549
3550
3551
3552
3553
3554
3555
3556
3557
3558
3559
3561
3562
3577
3579
3580
3582
3583
3585
3586
3588
3591
4321
4322
4323
4324
4325
4326
4327
4328
4329
4330
4331
4332
4334
4335
4350
4351
4352
4353
4354
4355
4356
4357
4358
4359
4360
4361
4363
4364
4379
4380
4381
4382
4383
4384
4385
4386
4387
4388
4389
4390
4392
4393
4408
4409
4410
4411
4412
4413
4414
4415
4416
4417
4418
4419
4421
4422
4437
4438
4439
4440
4441
4442
4443
4444
4445
4446
4447
4448
4450
4451
4466
4467
4468
4469
4470
4471
4472
4473
4474
4475
4476
4477
4479
4480
4495
4496
4497
4498
4499
4500
4501
4502
4503
4504
4505
4506
4508
4509
4524
4525
4526
4527
4528
4529
4530
4531
4532
4533
4534
4535
4537
4538
4553
4554
4555
4556
4557
4558
4559
4560
4561
4562
4563
4564
4566
4567
4582
4583
4584
4585
4586
4587
4588
4589
4590
4591
4592
4593
4595
4596
4611
4612
4613
4614
4615
4616
4617
4618
4619
4620
4621
4622
4624
4625
4640
4641
4642
4643
4644
4645
4646
4647
4648
4649
4650
4651
4653
4654
4669
4670
4671
4672
4673
4674
4675
4676
4677
4678
4679
4680
4682
4683
4698
4699
4700
4701
4702
4703
4704
4705
4706
4707
4708
4709
4711
4712
4727
4728
4729
4730
4731
4732
4733
4734
4735
4736
4737
4738
4740
4741
4756
4757
4758
4759
4760
4761
4762
4763
4764
4765
4766
4767
4769
4770
4785
4786
4787
4788
4789
4790
4791
4792
4793
4794
4795
4796
4798
4799
4814
4815
4816
4817
4818
4819
4820
4821
4822
4823
4824
4825
4827
4828
4843
4844
4845
4846
4847
4848
4849
4850
4851
4852
4853
4854
4856
4857
4872
4873
4874
4875
4876
4877
4878
4879
4880
4881
4882
4883
4885
4886
4901
4902
4903
4904
4905
4906
4907
4908
4909
4910
4911
4912
4914
4915
4930
4931
4932
4933
4934
4935
4936
4937
4938
4939
4940
4941
4943
4944
4959
4960
4961
4962
4963
4964
4965
4966
4967
4968
4969
4970
4972
4973
4988
4989
4990
4991
4992
4993
4994
4995
4996
4997
4998
4999
5001
5002
5017
5019
5020
5022
5023
5025
5026
5028
5031
5761
5762
5763
5764
5765
5766
5767
5768
5769
5770
5771
5772
5774
5775
5790
5791
5792
5793
5794
5795
5796
5797
5798
5799
5800
5801
5803
5804
5819
5820
5821
5822
5823
5824
5825
5826
5827
5828
5829
5830
5832
5833
5848
5849
5850
5851
5852
5853
5854
5855
5856
5857
5858
5859
5861
5862
5877
5878
5879
5880
5881
5882
5883
5884
5885
5886
5887
5888
5890
5891
5906
5907
5908
5909
5910
5911
5912
5913
5914
5915
5916
5917
5919
5920
5935
5936
5937
5938
5939
5940
5941
5942
5943
5944
5945
5946
5948
5949
5964
5965
5966
5967
5968
5969
5970
5971
5972
5973
5974
5975
5977
5978
5993
5994
5995
5996
5997
5998
5999
6000
6001
6002
6003
6004
6006
6007
6022
6023
6024
6025
6026
6027
6028
6029
6030
6031
6032
6033
6035
6036
6051
6052
6053
6054
6055
6056
6057
6058
6059
6060
6061
6062
6064
6065
6080
6081
6082
6083
6084
6085
6086
6087
6088
6089
6090
6091
6093
6094
6109
6110
6111
6112
6113
6114
6115
6116
6117
6118
6119
6120
6122
6123
6138
6139
6140
6141
6142
6143
6144
6145
6146
6147
6148
6149
6151
6152
6167
6168
6169
6170
6171
6172
6173
6174
6175
6176
6177
6178
6180
6181
6196
6197
6198
6199
6200
6201
6202
6203
6204
6205
6206
6207
6209
6210
6225
6226
6227
6228
6229
6230
6231
6232
6233
6234
6235
6236
6238
6239
6254
6255
6256
6257
6258
6259
6260
6261
6262
6263
6264
6265
6267
6268
6283
6284
6285
6286
6287
6288
6289
6290
6291
6292
6293
6294
6296
6297
6312
6313
6314
6315
6316
6317
6318
6319
6320
6321
6322
6323
6325
6326
6341
6342
6343
6344
6345
6346
6347
6348
6349
6350
6351
6352
6354
6355
6370
6371
6372
6373
6374
6375
6376
6377
6378
6379
6380
6381
6383
6384
6399
6400
6401
6402
6403
6404
6405
6406
6407
6408
6409
6410
6412
6413
6428
6429
6430
6431
6432
6433
6434
6435
6436
6437
6438
6439
6441
6442
6457
6459
6460
6462
6463
6465
6466
6468
6471
7201
7202
7203
7204
7205
7206
7207
7208
7209
7210
7211
7212
7214
7215
7230
7231
7232
7233
7234
7235
7236
7237
7238
7239
7240
7241
7243
7244
7259
7260
7261
7262
7263
7264
7265
7266
7267
7268
7269
7270
7272
7273
7288
7289
7290
7291
7292
7293
7294
7295
7296
7297
7298
7299
7301
7302
7317
7318
7319
7320
7321
7322
7323
7324
7325
7326
7327
7328
7330
7331
7346
7347
7348
7349
7350
7351
7352
7353
7354
7355
7356
7357
7359
7360
7375
7376
7377
7378
7379
7380
7381
7382
7383
7384
7385
7386
7388
7389
7404
7405
7406
7407
7408
7409
7410
7411
7412
7413
7414
7415
7417
7418
7433
7434
7435
7436
7437
7438
7439
7440
7441
7442
7443
7444
7446
7447
7462
7463
7464
7465
7466
7467
7468
7469
7470
7471
7472
7473
7475
7476
7491
7492
7493
7494
7495
7496
7497
7498
7499
7500
7501
7502
7504
7505
7520
7521
7522
7523
7524
7525
7526
7527
7528
7529
7530
7531
7533
7534
7549
7550
7551
7552
7553
7554
7555
7556
7557
7558
7559
7560
7562
7563
7578
7579
7580
7581
7582
7583
7584
7585
7586
7587
7588
7589
7591
7592
7607
7608
7609
7610
7611
7612
7613
7614
7615
7616
7617
7618
7620
7621
7636
7637
7638
7639
7640
7641
7642
7643
7644
7645
7646
7647
7649
7650
7665
7666
7667
7668
7669
7670
7671
7672
7673
7674
7675
7676
7678
7679
7694
7695
7696
7697
7698
7699
7700
7701
7702
7703
7704
7705
7707
7708
7723
7724
7725
7726
7727
7728
7729
7730
7731
7732
7733
7734
7736
7737
7752
7753
7754
7755
7756
7757
7758
7759
7760
7761
7762
7763
7765
7766
7781
7782
7783
7784
7785
7786
7787
7788
7789
7790
7791
7792
7794
7795
7810
7811
7812
7813
7814
7815
7816
7817
7818
7819
7820
7821
7823
7824
7839
7840
7841
7842
7843
7844
7845
7846
7847
7848
7849
7850
7852
7853
7868
7869
7870
7871
7872
7873
7874
7875
7876
7877
7878
7879
7881
7882
7897
7899
7900
7902
7903
7905
7906
7908
7911
8641
8642
8643
8644
8645
8646
8647
8648
8649
8650
8651
8652
8654
8655
8670
8671
8672
8673
8674
8675
8676
8677
8678
8679
8680
8681
8683
8684
8699
8700
8701
8702
8703
8704
8705
8706
8707
8708
8709
8710
8712
8713
8728
8729
8730
8731
8732
8733
8734
8735
8736
8737
8738
8739
8741
8742
8757
8758
8759
8760
8761
8762
8763
8764
8765
8766
8767
8768
8770
8771
8786
8787
8788
8789
8790
8791
8792
8793
8794
8795
8796
8797
8799
8800
8815
8816
8817
8818
8819
8820
8821
8822
8823
8824
8825
8826
8828
8829
8844
8845
8846
8847
8848
8849
8850
8851
8852
8853
8854
8855
8857
8858
8873
8874
8875
8876
8877
8878
8879
8880
8881
8882
8883
8884
8886
8887
8902
8903
8904
8905
8906
8907
8908
8909
8910
8911
8912
8913
8915
8916
8931
8932
8933
8934
8935
8936
8937
8938
8939
8940
8941
8942
8944
8945
8960
8961
8962
8963
8964
8965
8966
8967
8968
8969
8970
8971
8973
8974
8989
8990
8991
8992
8993
8994
8995
8996
8997
8998
8999
9000
9002
9003
9018
9019
9020
9021
9022
9023
9024
9025
9026
9027
9028
9029
9031
9032
9047
9048
9049
9050
9051
9052
9053
9054
9055
9056
9057
9058
9060
9061
9076
9077
9078
9079
9080
9081
9082
9083
9084
9085
9086
9087
9089
9090
9105
9106
9107
9108
9109
9110
9111
9112
9113
9114
9115
9116
9118
9119
9134
9135
9136
9137
9138
9139
9140
9141
9142
9143
9144
9145
9147
9148
9163
9164
9165
9166
9167
9168
9169
9170
9171
9172
9173
9174
9176
9177
9192
9193
9194
9195
9196
9197
9198
9199
9200
9201
9202
9203
9205
9206
9221
9222
9223
9224
9225
9226
9227
9228
9229
9230
9231
9232
9234
9235
9250
9251
9252
9253
9254
9255
9256
9257
9258
9259
9260
9261
9263
9264
9279
9280
9281
9282
9283
9284
9285
9286
9287
9288
9289
9290
9292
9293
9308
9309
9310
9311
9312
9313
9314
9315
9316
9317
9318
9319
9321
9322
9337
9339
9340
9342
9343
9345
9346
9348
9351
10081
10082
10083
10084
10085
10086
10087
10088
10089
10090
10091
10092
10094
10095
10110
10111
10112
10113
10114
10115
10116
10117
10118
10119
10120
10121
10123
10124
10139
10140
10141
10142
10143
10144
10145
10146
10147
10148
10149
10150
10152
10153
10168
10169
10170
10171
10172
10173
10174
10175
10176
10177
10178
10179
10181
10182
10197
10198
10199
10200
10201
10202
10203
10204
10205
10206
10207
10208
10210
10211
10226
10227
10228
10229
10230
10231
10232
10233
10234
10235
10236
10237
10239
10240
10255
10256
10257
10258
10259
10260
10261
10262
10263
10264
10265
10266
10268
10269
10284
10285
10286
10287
10288
10289
10290
10291
10292
10293
10294
10295
10297
10298
10313
10314
10315
10316
10317
10318
10319
10320
10321
10322
10323
10324
10326
10327
10342
10343
10344
10345
10346
10347
10348
10349
10350
10351
10352
10353
10355
10356
10371
10372
10373
10374
10375
10376
10377
10378
10379
10380
10381
10382
10384
10385
10400
10401
10402
10403
10404
10405
10406
10407
10408
10409
10410
10411
10413
10414
10429
10430
10431
10432
10433
10434
10435
10436
10437
10438
10439
10440
10442
10443
10458
10459
10460
10461
10462
10463
10464
10465
10466
10467
10468
10469
10471
10472
10487
10488
10489
10490
10491
10492
10493
10494
10495
10496
10497
10498
10500
10501
10516
10517
10518
10519
10520
10521
10522
10523
10524
10525
10526
10527
10529
10530
10545
10546
10547
10548
10549
10550
10551
10552
10553
10554
10555
10556
10558
10559
10574
10575
10576
10577
10578
10579
10580
10581
10582
10583
10584
10585
10587
10588
10603
10604
10605
10606
10607
10608
10609
10610
10611
10612
10613
10614
10616
10617
10632
10633
10634
10635
10636
10637
10638
10639
10640
10641
10642
10643
10645
10646
10661
10662
10663
10664
10665
10666
10667
10668
10669
10670
10671
10672
10674
10675
10690
10691
10692
10693
10694
10695
10696
10697
10698
10699
10700
10701
10703
10704
10719
10720
10721
10722
10723
10724
10725
10726
10727
10728
10729
10730
10732
10733
10748
10749
10750
10751
10752
10753
10754
10755
10756
10757
10758
10759
10761
10762
10777
10779
10780
10782
10783
10785
10786
10788
10791
11521
11522
11523
11524
11525
11526
11527
11528
11529
11530
11531
11532
11534
11535
11550
11551
11552
11553
11554
11555
11556
11557
11558
11559
11560
11561
11563
11564
11579
11580
11581
11582
11583
11584
11585
11586
11587
11588
11589
11590
11592
11593
11608
11609
11610
11611
11612
11613
11614
11615
11616
11617
11618
11619
11621
11622
11637
11638
11639
11640
11641
11642
11643
11644
11645
11646
11647
11648
11650
11651
11666
11667
11668
11669
11670
11671
11672
11673
11674
11675
11676
11677
11679
11680
11695
11696
11697
11698
11699
11700
11701
11702
11703
11704
11705
11706
11708
11709
11724
11725
11726
11727
11728
11729
11730
11731
11732
11733
11734
11735
11737
11738
11753
11754
11755
11756
11757
11758
11759
11760
11761
11762
11763
11764
11766
11767
11782
11783
11784
11785
11786
11787
11788
11789
11790
11791
11792
11793
11795
11796
11811
11812
11813
11814
11815
11816
11817
11818
11819
11820
11821
11822
11824
11825
11840
11841
11842
11843
11844
11845
11846
11847
11848
11849
11850
11851
11853
11854
11869
11870
11871
11872
11873
11874
11875
11876
11877
11878
11879
11880
11882
11883
11898
11899
11900
11901
11902
11903
11904
11905
11906
11907
11908
11909
11911
11912
11927
11928
11929
11930
11931
11932
11933
11934
11935
11936
11937
11938
11940
11941
11956
11957
11958
11959
11960
11961
11962
11963
11964
11965
11966
11967
11969
11970
11985
11986
11987
11988
11989
11990
11991
11992
11993
11994
11995
11996
11998
11999
12014
12015
12016
12017
12018
12019
12020
12021
12022
12023
12024
12025
12027
12028
12043
12044
12045
12046
12047
12048
12049
12050
12051
12052
12053
12054
12056
12057
12072
12073
12074
12075
12076
12077
12078
12079
12080
12081
12082
12083
12085
12086
12101
12102
12103
12104
12105
12106
12107
12108
12109
12110
12111
12112
12114
12115
12130
12131
12132
12133
12134
12135
12136
12137
12138
12139
12140
12141
12143
12144
12159
12160
12161
12162
12163
12164
12165
12166
12167
12168
12169
12170
12172
12173
12188
12189
12190
12191
12192
12193
12194
12195
12196
12197
12198
12199
12201
12202
12217
12219
12220
12222
12223
12225
12226
12228
12231
12961
12962
12963
12964
12965
12966
12967
12968
12970
12980
12981
12982
12983
12984
12985
12986
12987
12989
12999
13000
13001
13002
13003
13004
13005
13006
13008
13018
13019
13020
13021
13022
13023
13024
13025
13027
13037
13038
13039
13040
13041
13042
13043
13044
13046
13056
13057
13058
13059
13060
13061
13062
13063
13065
13075
13076
13077
13078
13079
13080
13081
13082
13084
13094
13095
13096
13097
13098
13099
13100
13101
13103
13113
13114
13115
13116
13117
13118
13119
13120
13122
13132
13133
13134
13135
13136
13137
13138
13139
13141
13151
13152
13153
13154
13155
13156
13157
13158
13160
13170
13171
13172
13173
13174
13175
13176
13177
13179
13189
13190
13191
13192
13193
13194
13195
13196
13198
13208
13209
13210
13211
13212
13213
13214
13215
13217
13227
13228
13229
13230
13231
13232
13233
13234
13236
13246
13247
13248
13249
13250
13251
13252
13253
13255
13265
13266
13267
13268
13269
13270
13271
13272
13274
13284
13285
13286
13287
13288
13289
13290
13291
13293
13303
13304
13305
13306
13307
13308
13309
13310
13312
13322
13323
13324
13325
13326
13327
13328
13329
13331
13341
13342
13343
13344
13345
13346
13347
13348
13350
13360
13361
13362
13363
13364
13365
13366
13367
13369
13379
13380
13381
13382
13383
13384
13385
13386
13388
13398
13399
13400
13401
13402
13403
13404
13405
13407
13417
13419
13421
13423
14001
14002
14003
14004
14005
14006
14007
14008
14009
14010
14011
14012
14013
14014
14015
14016
14017
14018
14019
14020
14021
14022
14023
14024
14025
14026
14027
14028
14029
14030
14031
14032
14033
14034
14035
14036
14037
14038
14039
14040
14041
14042
14043
14044
14045
14046
14047
14048
14049
14050
15101
15102
15103
15104
15105
15106
15107
15108
15109
15110
15111
15112
15113
15114
15115
15116
15117
15118
15119
15120
15121
15122
15123
15124
15125
15151
15152
15153
15154
15155
15156
15157
15158
15159
15160
15161
15162
15163
15164
15165
15166
15167
15168
15169
15170
15171
15172
15173
15174
15175
15201
15202
15203
15204
15205
15206
15207
15208
15209
15210
15211
15212
15213
15214
15215
15216
15217
15218
15219
15220
15221
15222
15223
15224
15225
15251
15252
15253
15254
15255
15256
15257
15258
15259
15260
15261
15262
15263
15264
15265
15266
15267
15268
15269
15270
15271
15272
15273
15274
15275
15301
15302
15303
15304
15305
15306
15307
15308
15309
15310
15311
15312
15313
15314
15315
15316
15317
15318
15319
15320
15321
15322
15323
15324
15325
15601
15602
15603
15604
15605
15606
15607
15608
15609
15610
15611
15612
15613
15614
15615
15616
15617
15618
15619
15620
15621
15622
15623
15624
15625
15651
15652
15653
15654
15655
15656
15657
15658
15659
15660
15661
15662
15663
15664
15665
15666
15667
15668
15669
15670
15671
15672
15673
15674
15675
15701
15702
15703
15704
15705
15706
15707
15708
15709
15710
15711
15712
15713
15714
15715
15716
15717
15718
15719
15720
15721
15722
15723
15724
15725
15751
15752
15753
15754
15755
15756
15757
15758
15759
15760
15761
15762
15763
15764
15765
15766
15767
15768
15769
15770
15771
15772
15773
15774
15775
15801
15802
15803
15804
15805
15806
15807
15808
15809
15810
15811
15812
15813
15814
15815
15816
15817
15818
15819
15820
15821
15822
15823
15824
15825
13
42
71
100
129
158
187
216
245
274
303
332
361
390
419
448
477
506
535
564
593
622
651
680
709
1453
1482
1511
1540
1569
1598
1627
1656
1685
1714
1743
1772
1801
1830
1859
1888
1917
1946
1975
2004
2033
2062
2091
2120
2149
2893
2922
2951
2980
3009
3038
3067
3096
3125
3154
3183
3212
3241
3270
3299
3328
3357
3386
3415
3444
3473
3502
3531
3560
3589
4333
4362
4391
4420
4449
4478
4507
4536
4565
4594
4623
4652
4681
4710
4739
4768
4797
4826
4855
4884
4913
4942
4971
5000
5029
5773
5802
5831
5860
5889
5918
5947
5976
6005
6034
6063
6092
6121
6150
6179
6208
6237
6266
6295
6324
6353
6382
6411
6440
6469
7213
7242
7271
7300
7329
7358
7387
7416
7445
7474
7503
7532
7561
7590
7619
7648
7677
7706
7735
7764
7793
7822
7851
7880
7909
8653
8682
8711
8740
8769
8798
8827
8856
8885
8914
8943
8972
9001
9030
9059
9088
9117
9146
9175
9204
9233
9262
9291
9320
9349
10093
10122
10151
10180
10209
10238
10267
10296
10325
10354
10383
10412
10441
10470
10499
10528
10557
10586
10615
10644
10673
10702
10731
10760
10789
11533
11562
11591
11620
11649
11678
11707
11736
11765
11794
11823
11852
11881
11910
11939
11968
11997
12026
12055
12084
12113
12142
12171
12200
12229
12969
12988
13007
13026
13045
13064
13083
13102
13121
13140
13159
13178
13197
13216
13235
13254
13273
13292
13311
13330
13349
13368
13387
13406
13425
14101
14102
14103
14104
14105
14106
14107
14108
14109
14110
14111
14112
14113
14114
14115
14116
14117
14118
14119
14120
14121
14122
14123
14124
14125
14151
14152
14153
14154
14155
14156
14157
14158
14159
14160
14161
14162
14163
14164
14165
14166
14167
14168
14169
14170
14171
14172
14173
14174
14175
14201
14202
14203
14204
14205
14206
14207
14208
14209
14210
14211
14212
14213
14214
14215
14216
14217
14218
14219
14220
14221
14222
14223
14224
14225
14251
14252
14253
14254
14255
14256
14257
14258
14259
14260
14261
14262
14263
14264
14265
14266
14267
14268
14269
14270
14271
14272
14273
14274
14275
14301
14302
14303
14304
14305
14306
14307
14308
14309
14310
14311
14312
14313
14314
14315
14316
14317
14318
14319
14320
14321
14322
14323
14324
14325
14351
14352
14353
14354
14355
14356
14357
14358
14359
14360
14361
14362
14363
14364
14365
14366
14367
14368
14369
14370
14371
14372
14373
14374
14375
14401
14402
14403
14404
14405
14406
14407
14408
14409
14410
14411
14412
14413
14414
14415
14416
14417
14418
14419
14420
14421
14422
14423
14424
14425
14451
14452
14453
14454
14455
14456
14457
14458
14459
14460
14461
14462
14463
14464
14465
14466
14467
14468
14469
14470
14471
14472
14473
14474
14475
14501
14502
14503
14504
14505
14506
14507
14508
14509
14510
14511
14512
14513
14514
14515
14516
14517
14518
14519
14520
14521
14522
14523
14524
14525
14551
14552
14553
14554
14555
14556
14557
14558
14559
14560
14561
14562
14563
14564
14565
14566
14567
14568
14569
14570
14571
14572
14573
14574
14575
698
701
704
707
710
2138
2141
2144
2147
2150
3578
3581
3584
3587
3590
5018
5021
5024
5027
5030
6458
6461
6464
6467
6470
7898
7901
7904
7907
7910
9338
9341
9344
9347
9350
10778
10781
10784
10787
10790
12218
12221
12224
12227
12230
13418
13420
13422
13424
13426
)


// ************************************************************************* //
