/*--------------------------------*- C++ -*----------------------------------*\
| =========                 |                                                 |
| \\      /  F ield         | OpenFOAM: The Open Source CFD Toolbox           |
|  \\    /   O peration     | Version:  2306                                  |
|   \\  /    A nd           | Website:  www.openfoam.com                      |
|    \\/     M anipulation  |                                                 |
\*---------------------------------------------------------------------------*/
FoamFile
{
    version     2.0;
    format      ascii;
    arch        "LSB;label=32;scalar=64";
    class       labelList;
    location    "constant/polyMesh";
    object      pointProcAddressing;
}
// * * * * * * * * * * * * * * * * * * * * * * * * * * * * * * * * * * * * * //


1716
(
0
1
2
3
4
5
11
12
13
14
15
16
22
23
24
25
26
27
33
34
35
36
37
38
44
45
46
47
48
49
55
56
57
58
59
60
66
67
68
69
70
71
77
78
79
80
81
82
88
89
90
91
92
93
99
100
101
102
103
104
110
111
112
113
114
115
121
122
123
124
125
126
132
133
134
135
136
137
143
144
145
146
147
148
154
155
156
157
158
159
165
166
167
168
169
170
176
177
178
179
180
181
187
188
189
190
191
192
198
199
200
201
202
203
209
210
211
212
213
214
220
221
222
223
224
225
231
232
233
234
235
236
242
243
244
245
246
247
253
254
255
256
257
258
264
265
266
267
268
269
275
276
277
278
279
280
561
562
563
564
565
566
572
573
574
575
576
577
583
584
585
586
587
588
594
595
596
597
598
599
605
606
607
608
609
610
616
617
618
619
620
621
627
628
629
630
631
632
638
639
640
641
642
643
649
650
651
652
653
654
660
661
662
663
664
665
671
672
673
674
675
676
682
683
684
685
686
687
693
694
695
696
697
698
704
705
706
707
708
709
715
716
717
718
719
720
726
727
728
729
730
731
737
738
739
740
741
742
748
749
750
751
752
753
759
760
761
762
763
764
770
771
772
773
774
775
781
782
783
784
785
786
792
793
794
795
796
797
803
804
805
806
807
808
814
815
816
817
818
819
825
826
827
828
829
830
836
837
838
839
840
841
1122
1123
1124
1125
1126
1127
1133
1134
1135
1136
1137
1138
1144
1145
1146
1147
1148
1149
1155
1156
1157
1158
1159
1160
1166
1167
1168
1169
1170
1171
1177
1178
1179
1180
1181
1182
1188
1189
1190
1191
1192
1193
1199
1200
1201
1202
1203
1204
1210
1211
1212
1213
1214
1215
1221
1222
1223
1224
1225
1226
1232
1233
1234
1235
1236
1237
1243
1244
1245
1246
1247
1248
1254
1255
1256
1257
1258
1259
1265
1266
1267
1268
1269
1270
1276
1277
1278
1279
1280
1281
1287
1288
1289
1290
1291
1292
1298
1299
1300
1301
1302
1303
1309
1310
1311
1312
1313
1314
1320
1321
1322
1323
1324
1325
1331
1332
1333
1334
1335
1336
1342
1343
1344
1345
1346
1347
1353
1354
1355
1356
1357
1358
1364
1365
1366
1367
1368
1369
1375
1376
1377
1378
1379
1380
1386
1387
1388
1389
1390
1391
1397
1398
1399
1400
1401
1402
1683
1684
1685
1686
1687
1688
1694
1695
1696
1697
1698
1699
1705
1706
1707
1708
1709
1710
1716
1717
1718
1719
1720
1721
1727
1728
1729
1730
1731
1732
1738
1739
1740
1741
1742
1743
1749
1750
1751
1752
1753
1754
1760
1761
1762
1763
1764
1765
1771
1772
1773
1774
1775
1776
1782
1783
1784
1785
1786
1787
1793
1794
1795
1796
1797
1798
1804
1805
1806
1807
1808
1809
1815
1816
1817
1818
1819
1820
1826
1827
1828
1829
1830
1831
1837
1838
1839
1840
1841
1842
1848
1849
1850
1851
1852
1853
1859
1860
1861
1862
1863
1864
1870
1871
1872
1873
1874
1875
1881
1882
1883
1884
1885
1886
1892
1893
1894
1895
1896
1897
1903
1904
1905
1906
1907
1908
1914
1915
1916
1917
1918
1919
1925
1926
1927
1928
1929
1930
1936
1937
1938
1939
1940
1941
1947
1948
1949
1950
1951
1952
1958
1959
1960
1961
1962
1963
2244
2245
2246
2247
2248
2249
2255
2256
2257
2258
2259
2260
2266
2267
2268
2269
2270
2271
2277
2278
2279
2280
2281
2282
2288
2289
2290
2291
2292
2293
2299
2300
2301
2302
2303
2304
2310
2311
2312
2313
2314
2315
2321
2322
2323
2324
2325
2326
2332
2333
2334
2335
2336
2337
2343
2344
2345
2346
2347
2348
2354
2355
2356
2357
2358
2359
2365
2366
2367
2368
2369
2370
2376
2377
2378
2379
2380
2381
2387
2388
2389
2390
2391
2392
2398
2399
2400
2401
2402
2403
2409
2410
2411
2412
2413
2414
2420
2421
2422
2423
2424
2425
2431
2432
2433
2434
2435
2436
2442
2443
2444
2445
2446
2447
2453
2454
2455
2456
2457
2458
2464
2465
2466
2467
2468
2469
2475
2476
2477
2478
2479
2480
2486
2487
2488
2489
2490
2491
2497
2498
2499
2500
2501
2502
2508
2509
2510
2511
2512
2513
2519
2520
2521
2522
2523
2524
2805
2806
2807
2808
2809
2810
2816
2817
2818
2819
2820
2821
2827
2828
2829
2830
2831
2832
2838
2839
2840
2841
2842
2843
2849
2850
2851
2852
2853
2854
2860
2861
2862
2863
2864
2865
2871
2872
2873
2874
2875
2876
2882
2883
2884
2885
2886
2887
2893
2894
2895
2896
2897
2898
2904
2905
2906
2907
2908
2909
2915
2916
2917
2918
2919
2920
2926
2927
2928
2929
2930
2931
2937
2938
2939
2940
2941
2942
2948
2949
2950
2951
2952
2953
2959
2960
2961
2962
2963
2964
2970
2971
2972
2973
2974
2975
2981
2982
2983
2984
2985
2986
2992
2993
2994
2995
2996
2997
3003
3004
3005
3006
3007
3008
3014
3015
3016
3017
3018
3019
3025
3026
3027
3028
3029
3030
3036
3037
3038
3039
3040
3041
3047
3048
3049
3050
3051
3052
3058
3059
3060
3061
3062
3063
3069
3070
3071
3072
3073
3074
3080
3081
3082
3083
3084
3085
3366
3367
3368
3369
3370
3371
3377
3378
3379
3380
3381
3382
3388
3389
3390
3391
3392
3393
3399
3400
3401
3402
3403
3404
3410
3411
3412
3413
3414
3415
3421
3422
3423
3424
3425
3426
3432
3433
3434
3435
3436
3437
3443
3444
3445
3446
3447
3448
3454
3455
3456
3457
3458
3459
3465
3466
3467
3468
3469
3470
3476
3477
3478
3479
3480
3481
3487
3488
3489
3490
3491
3492
3498
3499
3500
3501
3502
3503
3509
3510
3511
3512
3513
3514
3520
3521
3522
3523
3524
3525
3531
3532
3533
3534
3535
3536
3542
3543
3544
3545
3546
3547
3553
3554
3555
3556
3557
3558
3564
3565
3566
3567
3568
3569
3575
3576
3577
3578
3579
3580
3586
3587
3588
3589
3590
3591
3597
3598
3599
3600
3601
3602
3608
3609
3610
3611
3612
3613
3619
3620
3621
3622
3623
3624
3630
3631
3632
3633
3634
3635
3641
3642
3643
3644
3645
3646
3927
3928
3929
3930
3931
3932
3938
3939
3940
3941
3942
3943
3949
3950
3951
3952
3953
3954
3960
3961
3962
3963
3964
3965
3971
3972
3973
3974
3975
3976
3982
3983
3984
3985
3986
3987
3993
3994
3995
3996
3997
3998
4004
4005
4006
4007
4008
4009
4015
4016
4017
4018
4019
4020
4026
4027
4028
4029
4030
4031
4037
4038
4039
4040
4041
4042
4048
4049
4050
4051
4052
4053
4059
4060
4061
4062
4063
4064
4070
4071
4072
4073
4074
4075
4081
4082
4083
4084
4085
4086
4092
4093
4094
4095
4096
4097
4103
4104
4105
4106
4107
4108
4114
4115
4116
4117
4118
4119
4125
4126
4127
4128
4129
4130
4136
4137
4138
4139
4140
4141
4147
4148
4149
4150
4151
4152
4158
4159
4160
4161
4162
4163
4169
4170
4171
4172
4173
4174
4180
4181
4182
4183
4184
4185
4191
4192
4193
4194
4195
4196
4202
4203
4204
4205
4206
4207
4488
4489
4490
4491
4492
4493
4499
4500
4501
4502
4503
4504
4510
4511
4512
4513
4514
4515
4521
4522
4523
4524
4525
4526
4532
4533
4534
4535
4536
4537
4543
4544
4545
4546
4547
4548
4554
4555
4556
4557
4558
4559
4565
4566
4567
4568
4569
4570
4576
4577
4578
4579
4580
4581
4587
4588
4589
4590
4591
4592
4598
4599
4600
4601
4602
4603
4609
4610
4611
4612
4613
4614
4620
4621
4622
4623
4624
4625
4631
4632
4633
4634
4635
4636
4642
4643
4644
4645
4646
4647
4653
4654
4655
4656
4657
4658
4664
4665
4666
4667
4668
4669
4675
4676
4677
4678
4679
4680
4686
4687
4688
4689
4690
4691
4697
4698
4699
4700
4701
4702
4708
4709
4710
4711
4712
4713
4719
4720
4721
4722
4723
4724
4730
4731
4732
4733
4734
4735
4741
4742
4743
4744
4745
4746
4752
4753
4754
4755
4756
4757
4763
4764
4765
4766
4767
4768
5049
5050
5051
5052
5053
5054
5060
5061
5062
5063
5064
5065
5071
5072
5073
5074
5075
5076
5082
5083
5084
5085
5086
5087
5093
5094
5095
5096
5097
5098
5104
5105
5106
5107
5108
5109
5115
5116
5117
5118
5119
5120
5126
5127
5128
5129
5130
5131
5137
5138
5139
5140
5141
5142
5148
5149
5150
5151
5152
5153
5159
5160
5161
5162
5163
5164
5170
5171
5172
5173
5174
5175
5181
5182
5183
5184
5185
5186
5192
5193
5194
5195
5196
5197
5203
5204
5205
5206
5207
5208
5214
5215
5216
5217
5218
5219
5225
5226
5227
5228
5229
5230
5236
5237
5238
5239
5240
5241
5247
5248
5249
5250
5251
5252
5258
5259
5260
5261
5262
5263
5269
5270
5271
5272
5273
5274
5280
5281
5282
5283
5284
5285
5291
5292
5293
5294
5295
5296
5302
5303
5304
5305
5306
5307
5313
5314
5315
5316
5317
5318
5324
5325
5326
5327
5328
5329
5610
5611
5612
5613
5614
5615
5621
5622
5623
5624
5625
5626
5632
5633
5634
5635
5636
5637
5643
5644
5645
5646
5647
5648
5654
5655
5656
5657
5658
5659
5665
5666
5667
5668
5669
5670
5676
5677
5678
5679
5680
5681
5687
5688
5689
5690
5691
5692
5698
5699
5700
5701
5702
5703
5709
5710
5711
5712
5713
5714
5720
5721
5722
5723
5724
5725
5731
5732
5733
5734
5735
5736
5742
5743
5744
5745
5746
5747
5753
5754
5755
5756
5757
5758
5764
5765
5766
5767
5768
5769
5775
5776
5777
5778
5779
5780
5786
5787
5788
5789
5790
5791
5797
5798
5799
5800
5801
5802
5808
5809
5810
5811
5812
5813
5819
5820
5821
5822
5823
5824
5830
5831
5832
5833
5834
5835
5841
5842
5843
5844
5845
5846
5852
5853
5854
5855
5856
5857
5863
5864
5865
5866
5867
5868
5874
5875
5876
5877
5878
5879
5885
5886
5887
5888
5889
5890
)


// ************************************************************************* //
