/*--------------------------------*- C++ -*----------------------------------*\
| =========                 |                                                 |
| \\      /  F ield         | OpenFOAM: The Open Source CFD Toolbox           |
|  \\    /   O peration     | Version:  2306                                  |
|   \\  /    A nd           | Website:  www.openfoam.com                      |
|    \\/     M anipulation  |                                                 |
\*---------------------------------------------------------------------------*/
FoamFile
{
    version     2.0;
    format      ascii;
    arch        "LSB;label=32;scalar=64";
    class       labelList;
    location    "constant/polyMesh";
    object      cellProcAddressing;
}
// * * * * * * * * * * * * * * * * * * * * * * * * * * * * * * * * * * * * * //


1250
(
255
256
257
258
259
265
266
267
268
269
275
276
277
278
279
285
286
287
288
289
295
296
297
298
299
305
306
307
308
309
315
316
317
318
319
325
326
327
328
329
335
336
337
338
339
345
346
347
348
349
355
356
357
358
359
365
366
367
368
369
375
376
377
378
379
385
386
387
388
389
395
396
397
398
399
405
406
407
408
409
415
416
417
418
419
425
426
427
428
429
435
436
437
438
439
445
446
447
448
449
455
456
457
458
459
465
466
467
468
469
475
476
477
478
479
485
486
487
488
489
495
496
497
498
499
755
756
757
758
759
765
766
767
768
769
775
776
777
778
779
785
786
787
788
789
795
796
797
798
799
805
806
807
808
809
815
816
817
818
819
825
826
827
828
829
835
836
837
838
839
845
846
847
848
849
855
856
857
858
859
865
866
867
868
869
875
876
877
878
879
885
886
887
888
889
895
896
897
898
899
905
906
907
908
909
915
916
917
918
919
925
926
927
928
929
935
936
937
938
939
945
946
947
948
949
955
956
957
958
959
965
966
967
968
969
975
976
977
978
979
985
986
987
988
989
995
996
997
998
999
1255
1256
1257
1258
1259
1265
1266
1267
1268
1269
1275
1276
1277
1278
1279
1285
1286
1287
1288
1289
1295
1296
1297
1298
1299
1305
1306
1307
1308
1309
1315
1316
1317
1318
1319
1325
1326
1327
1328
1329
1335
1336
1337
1338
1339
1345
1346
1347
1348
1349
1355
1356
1357
1358
1359
1365
1366
1367
1368
1369
1375
1376
1377
1378
1379
1385
1386
1387
1388
1389
1395
1396
1397
1398
1399
1405
1406
1407
1408
1409
1415
1416
1417
1418
1419
1425
1426
1427
1428
1429
1435
1436
1437
1438
1439
1445
1446
1447
1448
1449
1455
1456
1457
1458
1459
1465
1466
1467
1468
1469
1475
1476
1477
1478
1479
1485
1486
1487
1488
1489
1495
1496
1497
1498
1499
1755
1756
1757
1758
1759
1765
1766
1767
1768
1769
1775
1776
1777
1778
1779
1785
1786
1787
1788
1789
1795
1796
1797
1798
1799
1805
1806
1807
1808
1809
1815
1816
1817
1818
1819
1825
1826
1827
1828
1829
1835
1836
1837
1838
1839
1845
1846
1847
1848
1849
1855
1856
1857
1858
1859
1865
1866
1867
1868
1869
1875
1876
1877
1878
1879
1885
1886
1887
1888
1889
1895
1896
1897
1898
1899
1905
1906
1907
1908
1909
1915
1916
1917
1918
1919
1925
1926
1927
1928
1929
1935
1936
1937
1938
1939
1945
1946
1947
1948
1949
1955
1956
1957
1958
1959
1965
1966
1967
1968
1969
1975
1976
1977
1978
1979
1985
1986
1987
1988
1989
1995
1996
1997
1998
1999
2255
2256
2257
2258
2259
2265
2266
2267
2268
2269
2275
2276
2277
2278
2279
2285
2286
2287
2288
2289
2295
2296
2297
2298
2299
2305
2306
2307
2308
2309
2315
2316
2317
2318
2319
2325
2326
2327
2328
2329
2335
2336
2337
2338
2339
2345
2346
2347
2348
2349
2355
2356
2357
2358
2359
2365
2366
2367
2368
2369
2375
2376
2377
2378
2379
2385
2386
2387
2388
2389
2395
2396
2397
2398
2399
2405
2406
2407
2408
2409
2415
2416
2417
2418
2419
2425
2426
2427
2428
2429
2435
2436
2437
2438
2439
2445
2446
2447
2448
2449
2455
2456
2457
2458
2459
2465
2466
2467
2468
2469
2475
2476
2477
2478
2479
2485
2486
2487
2488
2489
2495
2496
2497
2498
2499
2755
2756
2757
2758
2759
2765
2766
2767
2768
2769
2775
2776
2777
2778
2779
2785
2786
2787
2788
2789
2795
2796
2797
2798
2799
2805
2806
2807
2808
2809
2815
2816
2817
2818
2819
2825
2826
2827
2828
2829
2835
2836
2837
2838
2839
2845
2846
2847
2848
2849
2855
2856
2857
2858
2859
2865
2866
2867
2868
2869
2875
2876
2877
2878
2879
2885
2886
2887
2888
2889
2895
2896
2897
2898
2899
2905
2906
2907
2908
2909
2915
2916
2917
2918
2919
2925
2926
2927
2928
2929
2935
2936
2937
2938
2939
2945
2946
2947
2948
2949
2955
2956
2957
2958
2959
2965
2966
2967
2968
2969
2975
2976
2977
2978
2979
2985
2986
2987
2988
2989
2995
2996
2997
2998
2999
3255
3256
3257
3258
3259
3265
3266
3267
3268
3269
3275
3276
3277
3278
3279
3285
3286
3287
3288
3289
3295
3296
3297
3298
3299
3305
3306
3307
3308
3309
3315
3316
3317
3318
3319
3325
3326
3327
3328
3329
3335
3336
3337
3338
3339
3345
3346
3347
3348
3349
3355
3356
3357
3358
3359
3365
3366
3367
3368
3369
3375
3376
3377
3378
3379
3385
3386
3387
3388
3389
3395
3396
3397
3398
3399
3405
3406
3407
3408
3409
3415
3416
3417
3418
3419
3425
3426
3427
3428
3429
3435
3436
3437
3438
3439
3445
3446
3447
3448
3449
3455
3456
3457
3458
3459
3465
3466
3467
3468
3469
3475
3476
3477
3478
3479
3485
3486
3487
3488
3489
3495
3496
3497
3498
3499
3755
3756
3757
3758
3759
3765
3766
3767
3768
3769
3775
3776
3777
3778
3779
3785
3786
3787
3788
3789
3795
3796
3797
3798
3799
3805
3806
3807
3808
3809
3815
3816
3817
3818
3819
3825
3826
3827
3828
3829
3835
3836
3837
3838
3839
3845
3846
3847
3848
3849
3855
3856
3857
3858
3859
3865
3866
3867
3868
3869
3875
3876
3877
3878
3879
3885
3886
3887
3888
3889
3895
3896
3897
3898
3899
3905
3906
3907
3908
3909
3915
3916
3917
3918
3919
3925
3926
3927
3928
3929
3935
3936
3937
3938
3939
3945
3946
3947
3948
3949
3955
3956
3957
3958
3959
3965
3966
3967
3968
3969
3975
3976
3977
3978
3979
3985
3986
3987
3988
3989
3995
3996
3997
3998
3999
4255
4256
4257
4258
4259
4265
4266
4267
4268
4269
4275
4276
4277
4278
4279
4285
4286
4287
4288
4289
4295
4296
4297
4298
4299
4305
4306
4307
4308
4309
4315
4316
4317
4318
4319
4325
4326
4327
4328
4329
4335
4336
4337
4338
4339
4345
4346
4347
4348
4349
4355
4356
4357
4358
4359
4365
4366
4367
4368
4369
4375
4376
4377
4378
4379
4385
4386
4387
4388
4389
4395
4396
4397
4398
4399
4405
4406
4407
4408
4409
4415
4416
4417
4418
4419
4425
4426
4427
4428
4429
4435
4436
4437
4438
4439
4445
4446
4447
4448
4449
4455
4456
4457
4458
4459
4465
4466
4467
4468
4469
4475
4476
4477
4478
4479
4485
4486
4487
4488
4489
4495
4496
4497
4498
4499
4755
4756
4757
4758
4759
4765
4766
4767
4768
4769
4775
4776
4777
4778
4779
4785
4786
4787
4788
4789
4795
4796
4797
4798
4799
4805
4806
4807
4808
4809
4815
4816
4817
4818
4819
4825
4826
4827
4828
4829
4835
4836
4837
4838
4839
4845
4846
4847
4848
4849
4855
4856
4857
4858
4859
4865
4866
4867
4868
4869
4875
4876
4877
4878
4879
4885
4886
4887
4888
4889
4895
4896
4897
4898
4899
4905
4906
4907
4908
4909
4915
4916
4917
4918
4919
4925
4926
4927
4928
4929
4935
4936
4937
4938
4939
4945
4946
4947
4948
4949
4955
4956
4957
4958
4959
4965
4966
4967
4968
4969
4975
4976
4977
4978
4979
4985
4986
4987
4988
4989
4995
4996
4997
4998
4999
)


// ************************************************************************* //
