/*--------------------------------*- C++ -*----------------------------------*\
| =========                 |                                                 |
| \\      /  F ield         | OpenFOAM: The Open Source CFD Toolbox           |
|  \\    /   O peration     | Version:  2306                                  |
|   \\  /    A nd           | Website:  www.openfoam.com                      |
|    \\/     M anipulation  |                                                 |
\*---------------------------------------------------------------------------*/
FoamFile
{
    version     2.0;
    format      ascii;
    arch        "LSB;label=32;scalar=64";
    class       labelList;
    location    "constant/polyMesh";
    object      faceProcAddressing;
}
// * * * * * * * * * * * * * * * * * * * * * * * * * * * * * * * * * * * * * //


4175
(
741
742
743
744
745
746
747
748
749
750
751
752
753
754
770
771
772
773
774
775
776
777
778
779
780
781
782
783
799
800
801
802
803
804
805
806
807
808
809
810
811
812
828
829
830
831
832
833
834
835
836
837
838
839
840
841
857
858
859
860
861
862
863
864
865
866
867
868
869
870
886
887
888
889
890
891
892
893
894
895
896
897
898
899
915
916
917
918
919
920
921
922
923
924
925
926
927
928
944
945
946
947
948
949
950
951
952
953
954
955
956
957
973
974
975
976
977
978
979
980
981
982
983
984
985
986
1002
1003
1004
1005
1006
1007
1008
1009
1010
1011
1012
1013
1014
1015
1031
1032
1033
1034
1035
1036
1037
1038
1039
1040
1041
1042
1043
1044
1060
1061
1062
1063
1064
1065
1066
1067
1068
1069
1070
1071
1072
1073
1089
1090
1091
1092
1093
1094
1095
1096
1097
1098
1099
1100
1101
1102
1118
1119
1120
1121
1122
1123
1124
1125
1126
1127
1128
1129
1130
1131
1147
1148
1149
1150
1151
1152
1153
1154
1155
1156
1157
1158
1159
1160
1176
1177
1178
1179
1180
1181
1182
1183
1184
1185
1186
1187
1188
1189
1205
1206
1207
1208
1209
1210
1211
1212
1213
1214
1215
1216
1217
1218
1234
1235
1236
1237
1238
1239
1240
1241
1242
1243
1244
1245
1246
1247
1263
1264
1265
1266
1267
1268
1269
1270
1271
1272
1273
1274
1275
1276
1292
1293
1294
1295
1296
1297
1298
1299
1300
1301
1302
1303
1304
1305
1321
1322
1323
1324
1325
1326
1327
1328
1329
1330
1331
1332
1333
1334
1350
1351
1352
1353
1354
1355
1356
1357
1358
1359
1360
1361
1362
1363
1379
1380
1381
1382
1383
1384
1385
1386
1387
1388
1389
1390
1391
1392
1408
1409
1410
1411
1412
1413
1414
1415
1416
1417
1418
1419
1420
1421
1432
1433
1434
1435
1436
1437
1438
1439
1440
2181
2182
2183
2184
2185
2186
2187
2188
2189
2190
2191
2192
2193
2194
2210
2211
2212
2213
2214
2215
2216
2217
2218
2219
2220
2221
2222
2223
2239
2240
2241
2242
2243
2244
2245
2246
2247
2248
2249
2250
2251
2252
2268
2269
2270
2271
2272
2273
2274
2275
2276
2277
2278
2279
2280
2281
2297
2298
2299
2300
2301
2302
2303
2304
2305
2306
2307
2308
2309
2310
2326
2327
2328
2329
2330
2331
2332
2333
2334
2335
2336
2337
2338
2339
2355
2356
2357
2358
2359
2360
2361
2362
2363
2364
2365
2366
2367
2368
2384
2385
2386
2387
2388
2389
2390
2391
2392
2393
2394
2395
2396
2397
2413
2414
2415
2416
2417
2418
2419
2420
2421
2422
2423
2424
2425
2426
2442
2443
2444
2445
2446
2447
2448
2449
2450
2451
2452
2453
2454
2455
2471
2472
2473
2474
2475
2476
2477
2478
2479
2480
2481
2482
2483
2484
2500
2501
2502
2503
2504
2505
2506
2507
2508
2509
2510
2511
2512
2513
2529
2530
2531
2532
2533
2534
2535
2536
2537
2538
2539
2540
2541
2542
2558
2559
2560
2561
2562
2563
2564
2565
2566
2567
2568
2569
2570
2571
2587
2588
2589
2590
2591
2592
2593
2594
2595
2596
2597
2598
2599
2600
2616
2617
2618
2619
2620
2621
2622
2623
2624
2625
2626
2627
2628
2629
2645
2646
2647
2648
2649
2650
2651
2652
2653
2654
2655
2656
2657
2658
2674
2675
2676
2677
2678
2679
2680
2681
2682
2683
2684
2685
2686
2687
2703
2704
2705
2706
2707
2708
2709
2710
2711
2712
2713
2714
2715
2716
2732
2733
2734
2735
2736
2737
2738
2739
2740
2741
2742
2743
2744
2745
2761
2762
2763
2764
2765
2766
2767
2768
2769
2770
2771
2772
2773
2774
2790
2791
2792
2793
2794
2795
2796
2797
2798
2799
2800
2801
2802
2803
2819
2820
2821
2822
2823
2824
2825
2826
2827
2828
2829
2830
2831
2832
2848
2849
2850
2851
2852
2853
2854
2855
2856
2857
2858
2859
2860
2861
2872
2873
2874
2875
2876
2877
2878
2879
2880
3621
3622
3623
3624
3625
3626
3627
3628
3629
3630
3631
3632
3633
3634
3650
3651
3652
3653
3654
3655
3656
3657
3658
3659
3660
3661
3662
3663
3679
3680
3681
3682
3683
3684
3685
3686
3687
3688
3689
3690
3691
3692
3708
3709
3710
3711
3712
3713
3714
3715
3716
3717
3718
3719
3720
3721
3737
3738
3739
3740
3741
3742
3743
3744
3745
3746
3747
3748
3749
3750
3766
3767
3768
3769
3770
3771
3772
3773
3774
3775
3776
3777
3778
3779
3795
3796
3797
3798
3799
3800
3801
3802
3803
3804
3805
3806
3807
3808
3824
3825
3826
3827
3828
3829
3830
3831
3832
3833
3834
3835
3836
3837
3853
3854
3855
3856
3857
3858
3859
3860
3861
3862
3863
3864
3865
3866
3882
3883
3884
3885
3886
3887
3888
3889
3890
3891
3892
3893
3894
3895
3911
3912
3913
3914
3915
3916
3917
3918
3919
3920
3921
3922
3923
3924
3940
3941
3942
3943
3944
3945
3946
3947
3948
3949
3950
3951
3952
3953
3969
3970
3971
3972
3973
3974
3975
3976
3977
3978
3979
3980
3981
3982
3998
3999
4000
4001
4002
4003
4004
4005
4006
4007
4008
4009
4010
4011
4027
4028
4029
4030
4031
4032
4033
4034
4035
4036
4037
4038
4039
4040
4056
4057
4058
4059
4060
4061
4062
4063
4064
4065
4066
4067
4068
4069
4085
4086
4087
4088
4089
4090
4091
4092
4093
4094
4095
4096
4097
4098
4114
4115
4116
4117
4118
4119
4120
4121
4122
4123
4124
4125
4126
4127
4143
4144
4145
4146
4147
4148
4149
4150
4151
4152
4153
4154
4155
4156
4172
4173
4174
4175
4176
4177
4178
4179
4180
4181
4182
4183
4184
4185
4201
4202
4203
4204
4205
4206
4207
4208
4209
4210
4211
4212
4213
4214
4230
4231
4232
4233
4234
4235
4236
4237
4238
4239
4240
4241
4242
4243
4259
4260
4261
4262
4263
4264
4265
4266
4267
4268
4269
4270
4271
4272
4288
4289
4290
4291
4292
4293
4294
4295
4296
4297
4298
4299
4300
4301
4312
4313
4314
4315
4316
4317
4318
4319
4320
5061
5062
5063
5064
5065
5066
5067
5068
5069
5070
5071
5072
5073
5074
5090
5091
5092
5093
5094
5095
5096
5097
5098
5099
5100
5101
5102
5103
5119
5120
5121
5122
5123
5124
5125
5126
5127
5128
5129
5130
5131
5132
5148
5149
5150
5151
5152
5153
5154
5155
5156
5157
5158
5159
5160
5161
5177
5178
5179
5180
5181
5182
5183
5184
5185
5186
5187
5188
5189
5190
5206
5207
5208
5209
5210
5211
5212
5213
5214
5215
5216
5217
5218
5219
5235
5236
5237
5238
5239
5240
5241
5242
5243
5244
5245
5246
5247
5248
5264
5265
5266
5267
5268
5269
5270
5271
5272
5273
5274
5275
5276
5277
5293
5294
5295
5296
5297
5298
5299
5300
5301
5302
5303
5304
5305
5306
5322
5323
5324
5325
5326
5327
5328
5329
5330
5331
5332
5333
5334
5335
5351
5352
5353
5354
5355
5356
5357
5358
5359
5360
5361
5362
5363
5364
5380
5381
5382
5383
5384
5385
5386
5387
5388
5389
5390
5391
5392
5393
5409
5410
5411
5412
5413
5414
5415
5416
5417
5418
5419
5420
5421
5422
5438
5439
5440
5441
5442
5443
5444
5445
5446
5447
5448
5449
5450
5451
5467
5468
5469
5470
5471
5472
5473
5474
5475
5476
5477
5478
5479
5480
5496
5497
5498
5499
5500
5501
5502
5503
5504
5505
5506
5507
5508
5509
5525
5526
5527
5528
5529
5530
5531
5532
5533
5534
5535
5536
5537
5538
5554
5555
5556
5557
5558
5559
5560
5561
5562
5563
5564
5565
5566
5567
5583
5584
5585
5586
5587
5588
5589
5590
5591
5592
5593
5594
5595
5596
5612
5613
5614
5615
5616
5617
5618
5619
5620
5621
5622
5623
5624
5625
5641
5642
5643
5644
5645
5646
5647
5648
5649
5650
5651
5652
5653
5654
5670
5671
5672
5673
5674
5675
5676
5677
5678
5679
5680
5681
5682
5683
5699
5700
5701
5702
5703
5704
5705
5706
5707
5708
5709
5710
5711
5712
5728
5729
5730
5731
5732
5733
5734
5735
5736
5737
5738
5739
5740
5741
5752
5753
5754
5755
5756
5757
5758
5759
5760
6501
6502
6503
6504
6505
6506
6507
6508
6509
6510
6511
6512
6513
6514
6530
6531
6532
6533
6534
6535
6536
6537
6538
6539
6540
6541
6542
6543
6559
6560
6561
6562
6563
6564
6565
6566
6567
6568
6569
6570
6571
6572
6588
6589
6590
6591
6592
6593
6594
6595
6596
6597
6598
6599
6600
6601
6617
6618
6619
6620
6621
6622
6623
6624
6625
6626
6627
6628
6629
6630
6646
6647
6648
6649
6650
6651
6652
6653
6654
6655
6656
6657
6658
6659
6675
6676
6677
6678
6679
6680
6681
6682
6683
6684
6685
6686
6687
6688
6704
6705
6706
6707
6708
6709
6710
6711
6712
6713
6714
6715
6716
6717
6733
6734
6735
6736
6737
6738
6739
6740
6741
6742
6743
6744
6745
6746
6762
6763
6764
6765
6766
6767
6768
6769
6770
6771
6772
6773
6774
6775
6791
6792
6793
6794
6795
6796
6797
6798
6799
6800
6801
6802
6803
6804
6820
6821
6822
6823
6824
6825
6826
6827
6828
6829
6830
6831
6832
6833
6849
6850
6851
6852
6853
6854
6855
6856
6857
6858
6859
6860
6861
6862
6878
6879
6880
6881
6882
6883
6884
6885
6886
6887
6888
6889
6890
6891
6907
6908
6909
6910
6911
6912
6913
6914
6915
6916
6917
6918
6919
6920
6936
6937
6938
6939
6940
6941
6942
6943
6944
6945
6946
6947
6948
6949
6965
6966
6967
6968
6969
6970
6971
6972
6973
6974
6975
6976
6977
6978
6994
6995
6996
6997
6998
6999
7000
7001
7002
7003
7004
7005
7006
7007
7023
7024
7025
7026
7027
7028
7029
7030
7031
7032
7033
7034
7035
7036
7052
7053
7054
7055
7056
7057
7058
7059
7060
7061
7062
7063
7064
7065
7081
7082
7083
7084
7085
7086
7087
7088
7089
7090
7091
7092
7093
7094
7110
7111
7112
7113
7114
7115
7116
7117
7118
7119
7120
7121
7122
7123
7139
7140
7141
7142
7143
7144
7145
7146
7147
7148
7149
7150
7151
7152
7168
7169
7170
7171
7172
7173
7174
7175
7176
7177
7178
7179
7180
7181
7192
7193
7194
7195
7196
7197
7198
7199
7200
7941
7942
7943
7944
7945
7946
7947
7948
7949
7950
7951
7952
7953
7954
7970
7971
7972
7973
7974
7975
7976
7977
7978
7979
7980
7981
7982
7983
7999
8000
8001
8002
8003
8004
8005
8006
8007
8008
8009
8010
8011
8012
8028
8029
8030
8031
8032
8033
8034
8035
8036
8037
8038
8039
8040
8041
8057
8058
8059
8060
8061
8062
8063
8064
8065
8066
8067
8068
8069
8070
8086
8087
8088
8089
8090
8091
8092
8093
8094
8095
8096
8097
8098
8099
8115
8116
8117
8118
8119
8120
8121
8122
8123
8124
8125
8126
8127
8128
8144
8145
8146
8147
8148
8149
8150
8151
8152
8153
8154
8155
8156
8157
8173
8174
8175
8176
8177
8178
8179
8180
8181
8182
8183
8184
8185
8186
8202
8203
8204
8205
8206
8207
8208
8209
8210
8211
8212
8213
8214
8215
8231
8232
8233
8234
8235
8236
8237
8238
8239
8240
8241
8242
8243
8244
8260
8261
8262
8263
8264
8265
8266
8267
8268
8269
8270
8271
8272
8273
8289
8290
8291
8292
8293
8294
8295
8296
8297
8298
8299
8300
8301
8302
8318
8319
8320
8321
8322
8323
8324
8325
8326
8327
8328
8329
8330
8331
8347
8348
8349
8350
8351
8352
8353
8354
8355
8356
8357
8358
8359
8360
8376
8377
8378
8379
8380
8381
8382
8383
8384
8385
8386
8387
8388
8389
8405
8406
8407
8408
8409
8410
8411
8412
8413
8414
8415
8416
8417
8418
8434
8435
8436
8437
8438
8439
8440
8441
8442
8443
8444
8445
8446
8447
8463
8464
8465
8466
8467
8468
8469
8470
8471
8472
8473
8474
8475
8476
8492
8493
8494
8495
8496
8497
8498
8499
8500
8501
8502
8503
8504
8505
8521
8522
8523
8524
8525
8526
8527
8528
8529
8530
8531
8532
8533
8534
8550
8551
8552
8553
8554
8555
8556
8557
8558
8559
8560
8561
8562
8563
8579
8580
8581
8582
8583
8584
8585
8586
8587
8588
8589
8590
8591
8592
8608
8609
8610
8611
8612
8613
8614
8615
8616
8617
8618
8619
8620
8621
8632
8633
8634
8635
8636
8637
8638
8639
8640
9381
9382
9383
9384
9385
9386
9387
9388
9389
9390
9391
9392
9393
9394
9410
9411
9412
9413
9414
9415
9416
9417
9418
9419
9420
9421
9422
9423
9439
9440
9441
9442
9443
9444
9445
9446
9447
9448
9449
9450
9451
9452
9468
9469
9470
9471
9472
9473
9474
9475
9476
9477
9478
9479
9480
9481
9497
9498
9499
9500
9501
9502
9503
9504
9505
9506
9507
9508
9509
9510
9526
9527
9528
9529
9530
9531
9532
9533
9534
9535
9536
9537
9538
9539
9555
9556
9557
9558
9559
9560
9561
9562
9563
9564
9565
9566
9567
9568
9584
9585
9586
9587
9588
9589
9590
9591
9592
9593
9594
9595
9596
9597
9613
9614
9615
9616
9617
9618
9619
9620
9621
9622
9623
9624
9625
9626
9642
9643
9644
9645
9646
9647
9648
9649
9650
9651
9652
9653
9654
9655
9671
9672
9673
9674
9675
9676
9677
9678
9679
9680
9681
9682
9683
9684
9700
9701
9702
9703
9704
9705
9706
9707
9708
9709
9710
9711
9712
9713
9729
9730
9731
9732
9733
9734
9735
9736
9737
9738
9739
9740
9741
9742
9758
9759
9760
9761
9762
9763
9764
9765
9766
9767
9768
9769
9770
9771
9787
9788
9789
9790
9791
9792
9793
9794
9795
9796
9797
9798
9799
9800
9816
9817
9818
9819
9820
9821
9822
9823
9824
9825
9826
9827
9828
9829
9845
9846
9847
9848
9849
9850
9851
9852
9853
9854
9855
9856
9857
9858
9874
9875
9876
9877
9878
9879
9880
9881
9882
9883
9884
9885
9886
9887
9903
9904
9905
9906
9907
9908
9909
9910
9911
9912
9913
9914
9915
9916
9932
9933
9934
9935
9936
9937
9938
9939
9940
9941
9942
9943
9944
9945
9961
9962
9963
9964
9965
9966
9967
9968
9969
9970
9971
9972
9973
9974
9990
9991
9992
9993
9994
9995
9996
9997
9998
9999
10000
10001
10002
10003
10019
10020
10021
10022
10023
10024
10025
10026
10027
10028
10029
10030
10031
10032
10048
10049
10050
10051
10052
10053
10054
10055
10056
10057
10058
10059
10060
10061
10072
10073
10074
10075
10076
10077
10078
10079
10080
10821
10822
10823
10824
10825
10826
10827
10828
10829
10830
10831
10832
10833
10834
10850
10851
10852
10853
10854
10855
10856
10857
10858
10859
10860
10861
10862
10863
10879
10880
10881
10882
10883
10884
10885
10886
10887
10888
10889
10890
10891
10892
10908
10909
10910
10911
10912
10913
10914
10915
10916
10917
10918
10919
10920
10921
10937
10938
10939
10940
10941
10942
10943
10944
10945
10946
10947
10948
10949
10950
10966
10967
10968
10969
10970
10971
10972
10973
10974
10975
10976
10977
10978
10979
10995
10996
10997
10998
10999
11000
11001
11002
11003
11004
11005
11006
11007
11008
11024
11025
11026
11027
11028
11029
11030
11031
11032
11033
11034
11035
11036
11037
11053
11054
11055
11056
11057
11058
11059
11060
11061
11062
11063
11064
11065
11066
11082
11083
11084
11085
11086
11087
11088
11089
11090
11091
11092
11093
11094
11095
11111
11112
11113
11114
11115
11116
11117
11118
11119
11120
11121
11122
11123
11124
11140
11141
11142
11143
11144
11145
11146
11147
11148
11149
11150
11151
11152
11153
11169
11170
11171
11172
11173
11174
11175
11176
11177
11178
11179
11180
11181
11182
11198
11199
11200
11201
11202
11203
11204
11205
11206
11207
11208
11209
11210
11211
11227
11228
11229
11230
11231
11232
11233
11234
11235
11236
11237
11238
11239
11240
11256
11257
11258
11259
11260
11261
11262
11263
11264
11265
11266
11267
11268
11269
11285
11286
11287
11288
11289
11290
11291
11292
11293
11294
11295
11296
11297
11298
11314
11315
11316
11317
11318
11319
11320
11321
11322
11323
11324
11325
11326
11327
11343
11344
11345
11346
11347
11348
11349
11350
11351
11352
11353
11354
11355
11356
11372
11373
11374
11375
11376
11377
11378
11379
11380
11381
11382
11383
11384
11385
11401
11402
11403
11404
11405
11406
11407
11408
11409
11410
11411
11412
11413
11414
11430
11431
11432
11433
11434
11435
11436
11437
11438
11439
11440
11441
11442
11443
11459
11460
11461
11462
11463
11464
11465
11466
11467
11468
11469
11470
11471
11472
11488
11489
11490
11491
11492
11493
11494
11495
11496
11497
11498
11499
11500
11501
11512
11513
11514
11515
11516
11517
11518
11519
11520
12261
12262
12263
12264
12265
12266
12267
12268
12269
12270
12271
12272
12273
12274
12290
12291
12292
12293
12294
12295
12296
12297
12298
12299
12300
12301
12302
12303
12319
12320
12321
12322
12323
12324
12325
12326
12327
12328
12329
12330
12331
12332
12348
12349
12350
12351
12352
12353
12354
12355
12356
12357
12358
12359
12360
12361
12377
12378
12379
12380
12381
12382
12383
12384
12385
12386
12387
12388
12389
12390
12406
12407
12408
12409
12410
12411
12412
12413
12414
12415
12416
12417
12418
12419
12435
12436
12437
12438
12439
12440
12441
12442
12443
12444
12445
12446
12447
12448
12464
12465
12466
12467
12468
12469
12470
12471
12472
12473
12474
12475
12476
12477
12493
12494
12495
12496
12497
12498
12499
12500
12501
12502
12503
12504
12505
12506
12522
12523
12524
12525
12526
12527
12528
12529
12530
12531
12532
12533
12534
12535
12551
12552
12553
12554
12555
12556
12557
12558
12559
12560
12561
12562
12563
12564
12580
12581
12582
12583
12584
12585
12586
12587
12588
12589
12590
12591
12592
12593
12609
12610
12611
12612
12613
12614
12615
12616
12617
12618
12619
12620
12621
12622
12638
12639
12640
12641
12642
12643
12644
12645
12646
12647
12648
12649
12650
12651
12667
12668
12669
12670
12671
12672
12673
12674
12675
12676
12677
12678
12679
12680
12696
12697
12698
12699
12700
12701
12702
12703
12704
12705
12706
12707
12708
12709
12725
12726
12727
12728
12729
12730
12731
12732
12733
12734
12735
12736
12737
12738
12754
12755
12756
12757
12758
12759
12760
12761
12762
12763
12764
12765
12766
12767
12783
12784
12785
12786
12787
12788
12789
12790
12791
12792
12793
12794
12795
12796
12812
12813
12814
12815
12816
12817
12818
12819
12820
12821
12822
12823
12824
12825
12841
12842
12843
12844
12845
12846
12847
12848
12849
12850
12851
12852
12853
12854
12870
12871
12872
12873
12874
12875
12876
12877
12878
12879
12880
12881
12882
12883
12899
12900
12901
12902
12903
12904
12905
12906
12907
12908
12909
12910
12911
12912
12928
12929
12930
12931
12932
12933
12934
12935
12936
12937
12938
12939
12940
12941
12952
12953
12954
12955
12956
12957
12958
12959
12960
13446
13447
13448
13449
13450
13451
13452
13453
13454
13465
13466
13467
13468
13469
13470
13471
13472
13473
13484
13485
13486
13487
13488
13489
13490
13491
13492
13503
13504
13505
13506
13507
13508
13509
13510
13511
13522
13523
13524
13525
13526
13527
13528
13529
13530
13541
13542
13543
13544
13545
13546
13547
13548
13549
13560
13561
13562
13563
13564
13565
13566
13567
13568
13579
13580
13581
13582
13583
13584
13585
13586
13587
13598
13599
13600
13601
13602
13603
13604
13605
13606
13617
13618
13619
13620
13621
13622
13623
13624
13625
13636
13637
13638
13639
13640
13641
13642
13643
13644
13655
13656
13657
13658
13659
13660
13661
13662
13663
13674
13675
13676
13677
13678
13679
13680
13681
13682
13693
13694
13695
13696
13697
13698
13699
13700
13701
13712
13713
13714
13715
13716
13717
13718
13719
13720
13731
13732
13733
13734
13735
13736
13737
13738
13739
13750
13751
13752
13753
13754
13755
13756
13757
13758
13769
13770
13771
13772
13773
13774
13775
13776
13777
13788
13789
13790
13791
13792
13793
13794
13795
13796
13807
13808
13809
13810
13811
13812
13813
13814
13815
13826
13827
13828
13829
13830
13831
13832
13833
13834
13845
13846
13847
13848
13849
13850
13851
13852
13853
13864
13865
13866
13867
13868
13869
13870
13871
13872
13883
13884
13885
13886
13887
13888
13889
13890
13891
13897
13898
13899
13900
13951
13952
13953
13954
13955
13956
13957
13958
13959
13960
13961
13962
13963
13964
13965
13966
13967
13968
13969
13970
13971
13972
13973
13974
13975
13976
13977
13978
13979
13980
13981
13982
13983
13984
13985
13986
13987
13988
13989
13990
13991
13992
13993
13994
13995
13996
13997
13998
13999
14000
15376
15377
15378
15379
15380
15381
15382
15383
15384
15385
15386
15387
15388
15389
15390
15391
15392
15393
15394
15395
15396
15397
15398
15399
15400
15426
15427
15428
15429
15430
15431
15432
15433
15434
15435
15436
15437
15438
15439
15440
15441
15442
15443
15444
15445
15446
15447
15448
15449
15450
15476
15477
15478
15479
15480
15481
15482
15483
15484
15485
15486
15487
15488
15489
15490
15491
15492
15493
15494
15495
15496
15497
15498
15499
15500
15526
15527
15528
15529
15530
15531
15532
15533
15534
15535
15536
15537
15538
15539
15540
15541
15542
15543
15544
15545
15546
15547
15548
15549
15550
15576
15577
15578
15579
15580
15581
15582
15583
15584
15585
15586
15587
15588
15589
15590
15591
15592
15593
15594
15595
15596
15597
15598
15599
15600
15876
15877
15878
15879
15880
15881
15882
15883
15884
15885
15886
15887
15888
15889
15890
15891
15892
15893
15894
15895
15896
15897
15898
15899
15900
15926
15927
15928
15929
15930
15931
15932
15933
15934
15935
15936
15937
15938
15939
15940
15941
15942
15943
15944
15945
15946
15947
15948
15949
15950
15976
15977
15978
15979
15980
15981
15982
15983
15984
15985
15986
15987
15988
15989
15990
15991
15992
15993
15994
15995
15996
15997
15998
15999
16000
16026
16027
16028
16029
16030
16031
16032
16033
16034
16035
16036
16037
16038
16039
16040
16041
16042
16043
16044
16045
16046
16047
16048
16049
16050
16076
16077
16078
16079
16080
16081
16082
16083
16084
16085
16086
16087
16088
16089
16090
16091
16092
16093
16094
16095
16096
16097
16098
16099
16100
-713
-716
-719
-722
-724
-2153
-2156
-2159
-2162
-2164
-3593
-3596
-3599
-3602
-3604
-5033
-5036
-5039
-5042
-5044
-6473
-6476
-6479
-6482
-6484
-7913
-7916
-7919
-7922
-7924
-9353
-9356
-9359
-9362
-9364
-10793
-10796
-10799
-10802
-10804
-12233
-12236
-12239
-12242
-12244
-13428
-13430
-13432
-13434
-13435
-738
-767
-796
-825
-854
-883
-912
-941
-970
-999
-1028
-1057
-1086
-1115
-1144
-1173
-1202
-1231
-1260
-1289
-1318
-1347
-1376
-1405
-1430
-2178
-2207
-2236
-2265
-2294
-2323
-2352
-2381
-2410
-2439
-2468
-2497
-2526
-2555
-2584
-2613
-2642
-2671
-2700
-2729
-2758
-2787
-2816
-2845
-2870
-3618
-3647
-3676
-3705
-3734
-3763
-3792
-3821
-3850
-3879
-3908
-3937
-3966
-3995
-4024
-4053
-4082
-4111
-4140
-4169
-4198
-4227
-4256
-4285
-4310
-5058
-5087
-5116
-5145
-5174
-5203
-5232
-5261
-5290
-5319
-5348
-5377
-5406
-5435
-5464
-5493
-5522
-5551
-5580
-5609
-5638
-5667
-5696
-5725
-5750
-6498
-6527
-6556
-6585
-6614
-6643
-6672
-6701
-6730
-6759
-6788
-6817
-6846
-6875
-6904
-6933
-6962
-6991
-7020
-7049
-7078
-7107
-7136
-7165
-7190
-7938
-7967
-7996
-8025
-8054
-8083
-8112
-8141
-8170
-8199
-8228
-8257
-8286
-8315
-8344
-8373
-8402
-8431
-8460
-8489
-8518
-8547
-8576
-8605
-8630
-9378
-9407
-9436
-9465
-9494
-9523
-9552
-9581
-9610
-9639
-9668
-9697
-9726
-9755
-9784
-9813
-9842
-9871
-9900
-9929
-9958
-9987
-10016
-10045
-10070
-10818
-10847
-10876
-10905
-10934
-10963
-10992
-11021
-11050
-11079
-11108
-11137
-11166
-11195
-11224
-11253
-11282
-11311
-11340
-11369
-11398
-11427
-11456
-11485
-11510
-12258
-12287
-12316
-12345
-12374
-12403
-12432
-12461
-12490
-12519
-12548
-12577
-12606
-12635
-12664
-12693
-12722
-12751
-12780
-12809
-12838
-12867
-12896
-12925
-12950
-13444
-13463
-13482
-13501
-13520
-13539
-13558
-13577
-13596
-13615
-13634
-13653
-13672
-13691
-13710
-13729
-13748
-13767
-13786
-13805
-13824
-13843
-13862
-13881
-13896
14626
14627
14628
14629
14630
14631
14632
14633
14634
14635
14636
14637
14638
14639
14640
14641
14642
14643
14644
14645
14646
14647
14648
14649
14650
14676
14677
14678
14679
14680
14681
14682
14683
14684
14685
14686
14687
14688
14689
14690
14691
14692
14693
14694
14695
14696
14697
14698
14699
14700
14726
14727
14728
14729
14730
14731
14732
14733
14734
14735
14736
14737
14738
14739
14740
14741
14742
14743
14744
14745
14746
14747
14748
14749
14750
14776
14777
14778
14779
14780
14781
14782
14783
14784
14785
14786
14787
14788
14789
14790
14791
14792
14793
14794
14795
14796
14797
14798
14799
14800
14826
14827
14828
14829
14830
14831
14832
14833
14834
14835
14836
14837
14838
14839
14840
14841
14842
14843
14844
14845
14846
14847
14848
14849
14850
14876
14877
14878
14879
14880
14881
14882
14883
14884
14885
14886
14887
14888
14889
14890
14891
14892
14893
14894
14895
14896
14897
14898
14899
14900
14926
14927
14928
14929
14930
14931
14932
14933
14934
14935
14936
14937
14938
14939
14940
14941
14942
14943
14944
14945
14946
14947
14948
14949
14950
14976
14977
14978
14979
14980
14981
14982
14983
14984
14985
14986
14987
14988
14989
14990
14991
14992
14993
14994
14995
14996
14997
14998
14999
15000
15026
15027
15028
15029
15030
15031
15032
15033
15034
15035
15036
15037
15038
15039
15040
15041
15042
15043
15044
15045
15046
15047
15048
15049
15050
15076
15077
15078
15079
15080
15081
15082
15083
15084
15085
15086
15087
15088
15089
15090
15091
15092
15093
15094
15095
15096
15097
15098
15099
15100
)


// ************************************************************************* //
