/*--------------------------------*- C++ -*----------------------------------*\
| =========                 |                                                 |
| \\      /  F ield         | OpenFOAM: The Open Source CFD Toolbox           |
|  \\    /   O peration     | Version:  2306                                  |
|   \\  /    A nd           | Website:  www.openfoam.com                      |
|    \\/     M anipulation  |                                                 |
\*---------------------------------------------------------------------------*/
FoamFile
{
    version     2.0;
    format      ascii;
    arch        "LSB;label=32;scalar=64";
    class       labelList;
    location    "constant/polyMesh";
    object      pointProcAddressing;
}
// * * * * * * * * * * * * * * * * * * * * * * * * * * * * * * * * * * * * * //


1716
(
280
281
282
283
284
285
291
292
293
294
295
296
302
303
304
305
306
307
313
314
315
316
317
318
324
325
326
327
328
329
335
336
337
338
339
340
346
347
348
349
350
351
357
358
359
360
361
362
368
369
370
371
372
373
379
380
381
382
383
384
390
391
392
393
394
395
401
402
403
404
405
406
412
413
414
415
416
417
423
424
425
426
427
428
434
435
436
437
438
439
445
446
447
448
449
450
456
457
458
459
460
461
467
468
469
470
471
472
478
479
480
481
482
483
489
490
491
492
493
494
500
501
502
503
504
505
511
512
513
514
515
516
522
523
524
525
526
527
533
534
535
536
537
538
544
545
546
547
548
549
555
556
557
558
559
560
841
842
843
844
845
846
852
853
854
855
856
857
863
864
865
866
867
868
874
875
876
877
878
879
885
886
887
888
889
890
896
897
898
899
900
901
907
908
909
910
911
912
918
919
920
921
922
923
929
930
931
932
933
934
940
941
942
943
944
945
951
952
953
954
955
956
962
963
964
965
966
967
973
974
975
976
977
978
984
985
986
987
988
989
995
996
997
998
999
1000
1006
1007
1008
1009
1010
1011
1017
1018
1019
1020
1021
1022
1028
1029
1030
1031
1032
1033
1039
1040
1041
1042
1043
1044
1050
1051
1052
1053
1054
1055
1061
1062
1063
1064
1065
1066
1072
1073
1074
1075
1076
1077
1083
1084
1085
1086
1087
1088
1094
1095
1096
1097
1098
1099
1105
1106
1107
1108
1109
1110
1116
1117
1118
1119
1120
1121
1402
1403
1404
1405
1406
1407
1413
1414
1415
1416
1417
1418
1424
1425
1426
1427
1428
1429
1435
1436
1437
1438
1439
1440
1446
1447
1448
1449
1450
1451
1457
1458
1459
1460
1461
1462
1468
1469
1470
1471
1472
1473
1479
1480
1481
1482
1483
1484
1490
1491
1492
1493
1494
1495
1501
1502
1503
1504
1505
1506
1512
1513
1514
1515
1516
1517
1523
1524
1525
1526
1527
1528
1534
1535
1536
1537
1538
1539
1545
1546
1547
1548
1549
1550
1556
1557
1558
1559
1560
1561
1567
1568
1569
1570
1571
1572
1578
1579
1580
1581
1582
1583
1589
1590
1591
1592
1593
1594
1600
1601
1602
1603
1604
1605
1611
1612
1613
1614
1615
1616
1622
1623
1624
1625
1626
1627
1633
1634
1635
1636
1637
1638
1644
1645
1646
1647
1648
1649
1655
1656
1657
1658
1659
1660
1666
1667
1668
1669
1670
1671
1677
1678
1679
1680
1681
1682
1963
1964
1965
1966
1967
1968
1974
1975
1976
1977
1978
1979
1985
1986
1987
1988
1989
1990
1996
1997
1998
1999
2000
2001
2007
2008
2009
2010
2011
2012
2018
2019
2020
2021
2022
2023
2029
2030
2031
2032
2033
2034
2040
2041
2042
2043
2044
2045
2051
2052
2053
2054
2055
2056
2062
2063
2064
2065
2066
2067
2073
2074
2075
2076
2077
2078
2084
2085
2086
2087
2088
2089
2095
2096
2097
2098
2099
2100
2106
2107
2108
2109
2110
2111
2117
2118
2119
2120
2121
2122
2128
2129
2130
2131
2132
2133
2139
2140
2141
2142
2143
2144
2150
2151
2152
2153
2154
2155
2161
2162
2163
2164
2165
2166
2172
2173
2174
2175
2176
2177
2183
2184
2185
2186
2187
2188
2194
2195
2196
2197
2198
2199
2205
2206
2207
2208
2209
2210
2216
2217
2218
2219
2220
2221
2227
2228
2229
2230
2231
2232
2238
2239
2240
2241
2242
2243
2524
2525
2526
2527
2528
2529
2535
2536
2537
2538
2539
2540
2546
2547
2548
2549
2550
2551
2557
2558
2559
2560
2561
2562
2568
2569
2570
2571
2572
2573
2579
2580
2581
2582
2583
2584
2590
2591
2592
2593
2594
2595
2601
2602
2603
2604
2605
2606
2612
2613
2614
2615
2616
2617
2623
2624
2625
2626
2627
2628
2634
2635
2636
2637
2638
2639
2645
2646
2647
2648
2649
2650
2656
2657
2658
2659
2660
2661
2667
2668
2669
2670
2671
2672
2678
2679
2680
2681
2682
2683
2689
2690
2691
2692
2693
2694
2700
2701
2702
2703
2704
2705
2711
2712
2713
2714
2715
2716
2722
2723
2724
2725
2726
2727
2733
2734
2735
2736
2737
2738
2744
2745
2746
2747
2748
2749
2755
2756
2757
2758
2759
2760
2766
2767
2768
2769
2770
2771
2777
2778
2779
2780
2781
2782
2788
2789
2790
2791
2792
2793
2799
2800
2801
2802
2803
2804
3085
3086
3087
3088
3089
3090
3096
3097
3098
3099
3100
3101
3107
3108
3109
3110
3111
3112
3118
3119
3120
3121
3122
3123
3129
3130
3131
3132
3133
3134
3140
3141
3142
3143
3144
3145
3151
3152
3153
3154
3155
3156
3162
3163
3164
3165
3166
3167
3173
3174
3175
3176
3177
3178
3184
3185
3186
3187
3188
3189
3195
3196
3197
3198
3199
3200
3206
3207
3208
3209
3210
3211
3217
3218
3219
3220
3221
3222
3228
3229
3230
3231
3232
3233
3239
3240
3241
3242
3243
3244
3250
3251
3252
3253
3254
3255
3261
3262
3263
3264
3265
3266
3272
3273
3274
3275
3276
3277
3283
3284
3285
3286
3287
3288
3294
3295
3296
3297
3298
3299
3305
3306
3307
3308
3309
3310
3316
3317
3318
3319
3320
3321
3327
3328
3329
3330
3331
3332
3338
3339
3340
3341
3342
3343
3349
3350
3351
3352
3353
3354
3360
3361
3362
3363
3364
3365
3646
3647
3648
3649
3650
3651
3657
3658
3659
3660
3661
3662
3668
3669
3670
3671
3672
3673
3679
3680
3681
3682
3683
3684
3690
3691
3692
3693
3694
3695
3701
3702
3703
3704
3705
3706
3712
3713
3714
3715
3716
3717
3723
3724
3725
3726
3727
3728
3734
3735
3736
3737
3738
3739
3745
3746
3747
3748
3749
3750
3756
3757
3758
3759
3760
3761
3767
3768
3769
3770
3771
3772
3778
3779
3780
3781
3782
3783
3789
3790
3791
3792
3793
3794
3800
3801
3802
3803
3804
3805
3811
3812
3813
3814
3815
3816
3822
3823
3824
3825
3826
3827
3833
3834
3835
3836
3837
3838
3844
3845
3846
3847
3848
3849
3855
3856
3857
3858
3859
3860
3866
3867
3868
3869
3870
3871
3877
3878
3879
3880
3881
3882
3888
3889
3890
3891
3892
3893
3899
3900
3901
3902
3903
3904
3910
3911
3912
3913
3914
3915
3921
3922
3923
3924
3925
3926
4207
4208
4209
4210
4211
4212
4218
4219
4220
4221
4222
4223
4229
4230
4231
4232
4233
4234
4240
4241
4242
4243
4244
4245
4251
4252
4253
4254
4255
4256
4262
4263
4264
4265
4266
4267
4273
4274
4275
4276
4277
4278
4284
4285
4286
4287
4288
4289
4295
4296
4297
4298
4299
4300
4306
4307
4308
4309
4310
4311
4317
4318
4319
4320
4321
4322
4328
4329
4330
4331
4332
4333
4339
4340
4341
4342
4343
4344
4350
4351
4352
4353
4354
4355
4361
4362
4363
4364
4365
4366
4372
4373
4374
4375
4376
4377
4383
4384
4385
4386
4387
4388
4394
4395
4396
4397
4398
4399
4405
4406
4407
4408
4409
4410
4416
4417
4418
4419
4420
4421
4427
4428
4429
4430
4431
4432
4438
4439
4440
4441
4442
4443
4449
4450
4451
4452
4453
4454
4460
4461
4462
4463
4464
4465
4471
4472
4473
4474
4475
4476
4482
4483
4484
4485
4486
4487
4768
4769
4770
4771
4772
4773
4779
4780
4781
4782
4783
4784
4790
4791
4792
4793
4794
4795
4801
4802
4803
4804
4805
4806
4812
4813
4814
4815
4816
4817
4823
4824
4825
4826
4827
4828
4834
4835
4836
4837
4838
4839
4845
4846
4847
4848
4849
4850
4856
4857
4858
4859
4860
4861
4867
4868
4869
4870
4871
4872
4878
4879
4880
4881
4882
4883
4889
4890
4891
4892
4893
4894
4900
4901
4902
4903
4904
4905
4911
4912
4913
4914
4915
4916
4922
4923
4924
4925
4926
4927
4933
4934
4935
4936
4937
4938
4944
4945
4946
4947
4948
4949
4955
4956
4957
4958
4959
4960
4966
4967
4968
4969
4970
4971
4977
4978
4979
4980
4981
4982
4988
4989
4990
4991
4992
4993
4999
5000
5001
5002
5003
5004
5010
5011
5012
5013
5014
5015
5021
5022
5023
5024
5025
5026
5032
5033
5034
5035
5036
5037
5043
5044
5045
5046
5047
5048
5329
5330
5331
5332
5333
5334
5340
5341
5342
5343
5344
5345
5351
5352
5353
5354
5355
5356
5362
5363
5364
5365
5366
5367
5373
5374
5375
5376
5377
5378
5384
5385
5386
5387
5388
5389
5395
5396
5397
5398
5399
5400
5406
5407
5408
5409
5410
5411
5417
5418
5419
5420
5421
5422
5428
5429
5430
5431
5432
5433
5439
5440
5441
5442
5443
5444
5450
5451
5452
5453
5454
5455
5461
5462
5463
5464
5465
5466
5472
5473
5474
5475
5476
5477
5483
5484
5485
5486
5487
5488
5494
5495
5496
5497
5498
5499
5505
5506
5507
5508
5509
5510
5516
5517
5518
5519
5520
5521
5527
5528
5529
5530
5531
5532
5538
5539
5540
5541
5542
5543
5549
5550
5551
5552
5553
5554
5560
5561
5562
5563
5564
5565
5571
5572
5573
5574
5575
5576
5582
5583
5584
5585
5586
5587
5593
5594
5595
5596
5597
5598
5604
5605
5606
5607
5608
5609
5890
5891
5892
5893
5894
5895
5901
5902
5903
5904
5905
5906
5912
5913
5914
5915
5916
5917
5923
5924
5925
5926
5927
5928
5934
5935
5936
5937
5938
5939
5945
5946
5947
5948
5949
5950
5956
5957
5958
5959
5960
5961
5967
5968
5969
5970
5971
5972
5978
5979
5980
5981
5982
5983
5989
5990
5991
5992
5993
5994
6000
6001
6002
6003
6004
6005
6011
6012
6013
6014
6015
6016
6022
6023
6024
6025
6026
6027
6033
6034
6035
6036
6037
6038
6044
6045
6046
6047
6048
6049
6055
6056
6057
6058
6059
6060
6066
6067
6068
6069
6070
6071
6077
6078
6079
6080
6081
6082
6088
6089
6090
6091
6092
6093
6099
6100
6101
6102
6103
6104
6110
6111
6112
6113
6114
6115
6121
6122
6123
6124
6125
6126
6132
6133
6134
6135
6136
6137
6143
6144
6145
6146
6147
6148
6154
6155
6156
6157
6158
6159
6165
6166
6167
6168
6169
6170
)


// ************************************************************************* //
