/*--------------------------------*- C++ -*----------------------------------*\
| =========                 |                                                 |
| \\      /  F ield         | OpenFOAM: The Open Source CFD Toolbox           |
|  \\    /   O peration     | Version:  2306                                  |
|   \\  /    A nd           | Website:  www.openfoam.com                      |
|    \\/     M anipulation  |                                                 |
\*---------------------------------------------------------------------------*/
FoamFile
{
    version     2.0;
    format      ascii;
    arch        "LSB;label=32;scalar=64";
    class       labelList;
    location    "constant/polyMesh";
    object      cellProcAddressing;
}
// * * * * * * * * * * * * * * * * * * * * * * * * * * * * * * * * * * * * * //


1250
(
5
6
7
8
9
15
16
17
18
19
25
26
27
28
29
35
36
37
38
39
45
46
47
48
49
55
56
57
58
59
65
66
67
68
69
75
76
77
78
79
85
86
87
88
89
95
96
97
98
99
105
106
107
108
109
115
116
117
118
119
125
126
127
128
129
135
136
137
138
139
145
146
147
148
149
155
156
157
158
159
165
166
167
168
169
175
176
177
178
179
185
186
187
188
189
195
196
197
198
199
205
206
207
208
209
215
216
217
218
219
225
226
227
228
229
235
236
237
238
239
245
246
247
248
249
505
506
507
508
509
515
516
517
518
519
525
526
527
528
529
535
536
537
538
539
545
546
547
548
549
555
556
557
558
559
565
566
567
568
569
575
576
577
578
579
585
586
587
588
589
595
596
597
598
599
605
606
607
608
609
615
616
617
618
619
625
626
627
628
629
635
636
637
638
639
645
646
647
648
649
655
656
657
658
659
665
666
667
668
669
675
676
677
678
679
685
686
687
688
689
695
696
697
698
699
705
706
707
708
709
715
716
717
718
719
725
726
727
728
729
735
736
737
738
739
745
746
747
748
749
1005
1006
1007
1008
1009
1015
1016
1017
1018
1019
1025
1026
1027
1028
1029
1035
1036
1037
1038
1039
1045
1046
1047
1048
1049
1055
1056
1057
1058
1059
1065
1066
1067
1068
1069
1075
1076
1077
1078
1079
1085
1086
1087
1088
1089
1095
1096
1097
1098
1099
1105
1106
1107
1108
1109
1115
1116
1117
1118
1119
1125
1126
1127
1128
1129
1135
1136
1137
1138
1139
1145
1146
1147
1148
1149
1155
1156
1157
1158
1159
1165
1166
1167
1168
1169
1175
1176
1177
1178
1179
1185
1186
1187
1188
1189
1195
1196
1197
1198
1199
1205
1206
1207
1208
1209
1215
1216
1217
1218
1219
1225
1226
1227
1228
1229
1235
1236
1237
1238
1239
1245
1246
1247
1248
1249
1505
1506
1507
1508
1509
1515
1516
1517
1518
1519
1525
1526
1527
1528
1529
1535
1536
1537
1538
1539
1545
1546
1547
1548
1549
1555
1556
1557
1558
1559
1565
1566
1567
1568
1569
1575
1576
1577
1578
1579
1585
1586
1587
1588
1589
1595
1596
1597
1598
1599
1605
1606
1607
1608
1609
1615
1616
1617
1618
1619
1625
1626
1627
1628
1629
1635
1636
1637
1638
1639
1645
1646
1647
1648
1649
1655
1656
1657
1658
1659
1665
1666
1667
1668
1669
1675
1676
1677
1678
1679
1685
1686
1687
1688
1689
1695
1696
1697
1698
1699
1705
1706
1707
1708
1709
1715
1716
1717
1718
1719
1725
1726
1727
1728
1729
1735
1736
1737
1738
1739
1745
1746
1747
1748
1749
2005
2006
2007
2008
2009
2015
2016
2017
2018
2019
2025
2026
2027
2028
2029
2035
2036
2037
2038
2039
2045
2046
2047
2048
2049
2055
2056
2057
2058
2059
2065
2066
2067
2068
2069
2075
2076
2077
2078
2079
2085
2086
2087
2088
2089
2095
2096
2097
2098
2099
2105
2106
2107
2108
2109
2115
2116
2117
2118
2119
2125
2126
2127
2128
2129
2135
2136
2137
2138
2139
2145
2146
2147
2148
2149
2155
2156
2157
2158
2159
2165
2166
2167
2168
2169
2175
2176
2177
2178
2179
2185
2186
2187
2188
2189
2195
2196
2197
2198
2199
2205
2206
2207
2208
2209
2215
2216
2217
2218
2219
2225
2226
2227
2228
2229
2235
2236
2237
2238
2239
2245
2246
2247
2248
2249
2505
2506
2507
2508
2509
2515
2516
2517
2518
2519
2525
2526
2527
2528
2529
2535
2536
2537
2538
2539
2545
2546
2547
2548
2549
2555
2556
2557
2558
2559
2565
2566
2567
2568
2569
2575
2576
2577
2578
2579
2585
2586
2587
2588
2589
2595
2596
2597
2598
2599
2605
2606
2607
2608
2609
2615
2616
2617
2618
2619
2625
2626
2627
2628
2629
2635
2636
2637
2638
2639
2645
2646
2647
2648
2649
2655
2656
2657
2658
2659
2665
2666
2667
2668
2669
2675
2676
2677
2678
2679
2685
2686
2687
2688
2689
2695
2696
2697
2698
2699
2705
2706
2707
2708
2709
2715
2716
2717
2718
2719
2725
2726
2727
2728
2729
2735
2736
2737
2738
2739
2745
2746
2747
2748
2749
3005
3006
3007
3008
3009
3015
3016
3017
3018
3019
3025
3026
3027
3028
3029
3035
3036
3037
3038
3039
3045
3046
3047
3048
3049
3055
3056
3057
3058
3059
3065
3066
3067
3068
3069
3075
3076
3077
3078
3079
3085
3086
3087
3088
3089
3095
3096
3097
3098
3099
3105
3106
3107
3108
3109
3115
3116
3117
3118
3119
3125
3126
3127
3128
3129
3135
3136
3137
3138
3139
3145
3146
3147
3148
3149
3155
3156
3157
3158
3159
3165
3166
3167
3168
3169
3175
3176
3177
3178
3179
3185
3186
3187
3188
3189
3195
3196
3197
3198
3199
3205
3206
3207
3208
3209
3215
3216
3217
3218
3219
3225
3226
3227
3228
3229
3235
3236
3237
3238
3239
3245
3246
3247
3248
3249
3505
3506
3507
3508
3509
3515
3516
3517
3518
3519
3525
3526
3527
3528
3529
3535
3536
3537
3538
3539
3545
3546
3547
3548
3549
3555
3556
3557
3558
3559
3565
3566
3567
3568
3569
3575
3576
3577
3578
3579
3585
3586
3587
3588
3589
3595
3596
3597
3598
3599
3605
3606
3607
3608
3609
3615
3616
3617
3618
3619
3625
3626
3627
3628
3629
3635
3636
3637
3638
3639
3645
3646
3647
3648
3649
3655
3656
3657
3658
3659
3665
3666
3667
3668
3669
3675
3676
3677
3678
3679
3685
3686
3687
3688
3689
3695
3696
3697
3698
3699
3705
3706
3707
3708
3709
3715
3716
3717
3718
3719
3725
3726
3727
3728
3729
3735
3736
3737
3738
3739
3745
3746
3747
3748
3749
4005
4006
4007
4008
4009
4015
4016
4017
4018
4019
4025
4026
4027
4028
4029
4035
4036
4037
4038
4039
4045
4046
4047
4048
4049
4055
4056
4057
4058
4059
4065
4066
4067
4068
4069
4075
4076
4077
4078
4079
4085
4086
4087
4088
4089
4095
4096
4097
4098
4099
4105
4106
4107
4108
4109
4115
4116
4117
4118
4119
4125
4126
4127
4128
4129
4135
4136
4137
4138
4139
4145
4146
4147
4148
4149
4155
4156
4157
4158
4159
4165
4166
4167
4168
4169
4175
4176
4177
4178
4179
4185
4186
4187
4188
4189
4195
4196
4197
4198
4199
4205
4206
4207
4208
4209
4215
4216
4217
4218
4219
4225
4226
4227
4228
4229
4235
4236
4237
4238
4239
4245
4246
4247
4248
4249
4505
4506
4507
4508
4509
4515
4516
4517
4518
4519
4525
4526
4527
4528
4529
4535
4536
4537
4538
4539
4545
4546
4547
4548
4549
4555
4556
4557
4558
4559
4565
4566
4567
4568
4569
4575
4576
4577
4578
4579
4585
4586
4587
4588
4589
4595
4596
4597
4598
4599
4605
4606
4607
4608
4609
4615
4616
4617
4618
4619
4625
4626
4627
4628
4629
4635
4636
4637
4638
4639
4645
4646
4647
4648
4649
4655
4656
4657
4658
4659
4665
4666
4667
4668
4669
4675
4676
4677
4678
4679
4685
4686
4687
4688
4689
4695
4696
4697
4698
4699
4705
4706
4707
4708
4709
4715
4716
4717
4718
4719
4725
4726
4727
4728
4729
4735
4736
4737
4738
4739
4745
4746
4747
4748
4749
)


// ************************************************************************* //
