/*--------------------------------*- C++ -*----------------------------------*\
| =========                 |                                                 |
| \\      /  F ield         | OpenFOAM: The Open Source CFD Toolbox           |
|  \\    /   O peration     | Version:  2306                                  |
|   \\  /    A nd           | Website:  www.openfoam.com                      |
|    \\/     M anipulation  |                                                 |
\*---------------------------------------------------------------------------*/
FoamFile
{
    version     2.0;
    format      ascii;
    arch        "LSB;label=32;scalar=64";
    class       labelList;
    location    "constant/polyMesh";
    object      faceProcAddressing;
}
// * * * * * * * * * * * * * * * * * * * * * * * * * * * * * * * * * * * * * //


4175
(
16
17
18
19
20
21
22
23
24
25
26
27
28
29
45
46
47
48
49
50
51
52
53
54
55
56
57
58
74
75
76
77
78
79
80
81
82
83
84
85
86
87
103
104
105
106
107
108
109
110
111
112
113
114
115
116
132
133
134
135
136
137
138
139
140
141
142
143
144
145
161
162
163
164
165
166
167
168
169
170
171
172
173
174
190
191
192
193
194
195
196
197
198
199
200
201
202
203
219
220
221
222
223
224
225
226
227
228
229
230
231
232
248
249
250
251
252
253
254
255
256
257
258
259
260
261
277
278
279
280
281
282
283
284
285
286
287
288
289
290
306
307
308
309
310
311
312
313
314
315
316
317
318
319
335
336
337
338
339
340
341
342
343
344
345
346
347
348
364
365
366
367
368
369
370
371
372
373
374
375
376
377
393
394
395
396
397
398
399
400
401
402
403
404
405
406
422
423
424
425
426
427
428
429
430
431
432
433
434
435
451
452
453
454
455
456
457
458
459
460
461
462
463
464
480
481
482
483
484
485
486
487
488
489
490
491
492
493
509
510
511
512
513
514
515
516
517
518
519
520
521
522
538
539
540
541
542
543
544
545
546
547
548
549
550
551
567
568
569
570
571
572
573
574
575
576
577
578
579
580
596
597
598
599
600
601
602
603
604
605
606
607
608
609
625
626
627
628
629
630
631
632
633
634
635
636
637
638
654
655
656
657
658
659
660
661
662
663
664
665
666
667
683
684
685
686
687
688
689
690
691
692
693
694
695
696
712
714
715
717
718
720
721
723
725
1456
1457
1458
1459
1460
1461
1462
1463
1464
1465
1466
1467
1468
1469
1485
1486
1487
1488
1489
1490
1491
1492
1493
1494
1495
1496
1497
1498
1514
1515
1516
1517
1518
1519
1520
1521
1522
1523
1524
1525
1526
1527
1543
1544
1545
1546
1547
1548
1549
1550
1551
1552
1553
1554
1555
1556
1572
1573
1574
1575
1576
1577
1578
1579
1580
1581
1582
1583
1584
1585
1601
1602
1603
1604
1605
1606
1607
1608
1609
1610
1611
1612
1613
1614
1630
1631
1632
1633
1634
1635
1636
1637
1638
1639
1640
1641
1642
1643
1659
1660
1661
1662
1663
1664
1665
1666
1667
1668
1669
1670
1671
1672
1688
1689
1690
1691
1692
1693
1694
1695
1696
1697
1698
1699
1700
1701
1717
1718
1719
1720
1721
1722
1723
1724
1725
1726
1727
1728
1729
1730
1746
1747
1748
1749
1750
1751
1752
1753
1754
1755
1756
1757
1758
1759
1775
1776
1777
1778
1779
1780
1781
1782
1783
1784
1785
1786
1787
1788
1804
1805
1806
1807
1808
1809
1810
1811
1812
1813
1814
1815
1816
1817
1833
1834
1835
1836
1837
1838
1839
1840
1841
1842
1843
1844
1845
1846
1862
1863
1864
1865
1866
1867
1868
1869
1870
1871
1872
1873
1874
1875
1891
1892
1893
1894
1895
1896
1897
1898
1899
1900
1901
1902
1903
1904
1920
1921
1922
1923
1924
1925
1926
1927
1928
1929
1930
1931
1932
1933
1949
1950
1951
1952
1953
1954
1955
1956
1957
1958
1959
1960
1961
1962
1978
1979
1980
1981
1982
1983
1984
1985
1986
1987
1988
1989
1990
1991
2007
2008
2009
2010
2011
2012
2013
2014
2015
2016
2017
2018
2019
2020
2036
2037
2038
2039
2040
2041
2042
2043
2044
2045
2046
2047
2048
2049
2065
2066
2067
2068
2069
2070
2071
2072
2073
2074
2075
2076
2077
2078
2094
2095
2096
2097
2098
2099
2100
2101
2102
2103
2104
2105
2106
2107
2123
2124
2125
2126
2127
2128
2129
2130
2131
2132
2133
2134
2135
2136
2152
2154
2155
2157
2158
2160
2161
2163
2165
2896
2897
2898
2899
2900
2901
2902
2903
2904
2905
2906
2907
2908
2909
2925
2926
2927
2928
2929
2930
2931
2932
2933
2934
2935
2936
2937
2938
2954
2955
2956
2957
2958
2959
2960
2961
2962
2963
2964
2965
2966
2967
2983
2984
2985
2986
2987
2988
2989
2990
2991
2992
2993
2994
2995
2996
3012
3013
3014
3015
3016
3017
3018
3019
3020
3021
3022
3023
3024
3025
3041
3042
3043
3044
3045
3046
3047
3048
3049
3050
3051
3052
3053
3054
3070
3071
3072
3073
3074
3075
3076
3077
3078
3079
3080
3081
3082
3083
3099
3100
3101
3102
3103
3104
3105
3106
3107
3108
3109
3110
3111
3112
3128
3129
3130
3131
3132
3133
3134
3135
3136
3137
3138
3139
3140
3141
3157
3158
3159
3160
3161
3162
3163
3164
3165
3166
3167
3168
3169
3170
3186
3187
3188
3189
3190
3191
3192
3193
3194
3195
3196
3197
3198
3199
3215
3216
3217
3218
3219
3220
3221
3222
3223
3224
3225
3226
3227
3228
3244
3245
3246
3247
3248
3249
3250
3251
3252
3253
3254
3255
3256
3257
3273
3274
3275
3276
3277
3278
3279
3280
3281
3282
3283
3284
3285
3286
3302
3303
3304
3305
3306
3307
3308
3309
3310
3311
3312
3313
3314
3315
3331
3332
3333
3334
3335
3336
3337
3338
3339
3340
3341
3342
3343
3344
3360
3361
3362
3363
3364
3365
3366
3367
3368
3369
3370
3371
3372
3373
3389
3390
3391
3392
3393
3394
3395
3396
3397
3398
3399
3400
3401
3402
3418
3419
3420
3421
3422
3423
3424
3425
3426
3427
3428
3429
3430
3431
3447
3448
3449
3450
3451
3452
3453
3454
3455
3456
3457
3458
3459
3460
3476
3477
3478
3479
3480
3481
3482
3483
3484
3485
3486
3487
3488
3489
3505
3506
3507
3508
3509
3510
3511
3512
3513
3514
3515
3516
3517
3518
3534
3535
3536
3537
3538
3539
3540
3541
3542
3543
3544
3545
3546
3547
3563
3564
3565
3566
3567
3568
3569
3570
3571
3572
3573
3574
3575
3576
3592
3594
3595
3597
3598
3600
3601
3603
3605
4336
4337
4338
4339
4340
4341
4342
4343
4344
4345
4346
4347
4348
4349
4365
4366
4367
4368
4369
4370
4371
4372
4373
4374
4375
4376
4377
4378
4394
4395
4396
4397
4398
4399
4400
4401
4402
4403
4404
4405
4406
4407
4423
4424
4425
4426
4427
4428
4429
4430
4431
4432
4433
4434
4435
4436
4452
4453
4454
4455
4456
4457
4458
4459
4460
4461
4462
4463
4464
4465
4481
4482
4483
4484
4485
4486
4487
4488
4489
4490
4491
4492
4493
4494
4510
4511
4512
4513
4514
4515
4516
4517
4518
4519
4520
4521
4522
4523
4539
4540
4541
4542
4543
4544
4545
4546
4547
4548
4549
4550
4551
4552
4568
4569
4570
4571
4572
4573
4574
4575
4576
4577
4578
4579
4580
4581
4597
4598
4599
4600
4601
4602
4603
4604
4605
4606
4607
4608
4609
4610
4626
4627
4628
4629
4630
4631
4632
4633
4634
4635
4636
4637
4638
4639
4655
4656
4657
4658
4659
4660
4661
4662
4663
4664
4665
4666
4667
4668
4684
4685
4686
4687
4688
4689
4690
4691
4692
4693
4694
4695
4696
4697
4713
4714
4715
4716
4717
4718
4719
4720
4721
4722
4723
4724
4725
4726
4742
4743
4744
4745
4746
4747
4748
4749
4750
4751
4752
4753
4754
4755
4771
4772
4773
4774
4775
4776
4777
4778
4779
4780
4781
4782
4783
4784
4800
4801
4802
4803
4804
4805
4806
4807
4808
4809
4810
4811
4812
4813
4829
4830
4831
4832
4833
4834
4835
4836
4837
4838
4839
4840
4841
4842
4858
4859
4860
4861
4862
4863
4864
4865
4866
4867
4868
4869
4870
4871
4887
4888
4889
4890
4891
4892
4893
4894
4895
4896
4897
4898
4899
4900
4916
4917
4918
4919
4920
4921
4922
4923
4924
4925
4926
4927
4928
4929
4945
4946
4947
4948
4949
4950
4951
4952
4953
4954
4955
4956
4957
4958
4974
4975
4976
4977
4978
4979
4980
4981
4982
4983
4984
4985
4986
4987
5003
5004
5005
5006
5007
5008
5009
5010
5011
5012
5013
5014
5015
5016
5032
5034
5035
5037
5038
5040
5041
5043
5045
5776
5777
5778
5779
5780
5781
5782
5783
5784
5785
5786
5787
5788
5789
5805
5806
5807
5808
5809
5810
5811
5812
5813
5814
5815
5816
5817
5818
5834
5835
5836
5837
5838
5839
5840
5841
5842
5843
5844
5845
5846
5847
5863
5864
5865
5866
5867
5868
5869
5870
5871
5872
5873
5874
5875
5876
5892
5893
5894
5895
5896
5897
5898
5899
5900
5901
5902
5903
5904
5905
5921
5922
5923
5924
5925
5926
5927
5928
5929
5930
5931
5932
5933
5934
5950
5951
5952
5953
5954
5955
5956
5957
5958
5959
5960
5961
5962
5963
5979
5980
5981
5982
5983
5984
5985
5986
5987
5988
5989
5990
5991
5992
6008
6009
6010
6011
6012
6013
6014
6015
6016
6017
6018
6019
6020
6021
6037
6038
6039
6040
6041
6042
6043
6044
6045
6046
6047
6048
6049
6050
6066
6067
6068
6069
6070
6071
6072
6073
6074
6075
6076
6077
6078
6079
6095
6096
6097
6098
6099
6100
6101
6102
6103
6104
6105
6106
6107
6108
6124
6125
6126
6127
6128
6129
6130
6131
6132
6133
6134
6135
6136
6137
6153
6154
6155
6156
6157
6158
6159
6160
6161
6162
6163
6164
6165
6166
6182
6183
6184
6185
6186
6187
6188
6189
6190
6191
6192
6193
6194
6195
6211
6212
6213
6214
6215
6216
6217
6218
6219
6220
6221
6222
6223
6224
6240
6241
6242
6243
6244
6245
6246
6247
6248
6249
6250
6251
6252
6253
6269
6270
6271
6272
6273
6274
6275
6276
6277
6278
6279
6280
6281
6282
6298
6299
6300
6301
6302
6303
6304
6305
6306
6307
6308
6309
6310
6311
6327
6328
6329
6330
6331
6332
6333
6334
6335
6336
6337
6338
6339
6340
6356
6357
6358
6359
6360
6361
6362
6363
6364
6365
6366
6367
6368
6369
6385
6386
6387
6388
6389
6390
6391
6392
6393
6394
6395
6396
6397
6398
6414
6415
6416
6417
6418
6419
6420
6421
6422
6423
6424
6425
6426
6427
6443
6444
6445
6446
6447
6448
6449
6450
6451
6452
6453
6454
6455
6456
6472
6474
6475
6477
6478
6480
6481
6483
6485
7216
7217
7218
7219
7220
7221
7222
7223
7224
7225
7226
7227
7228
7229
7245
7246
7247
7248
7249
7250
7251
7252
7253
7254
7255
7256
7257
7258
7274
7275
7276
7277
7278
7279
7280
7281
7282
7283
7284
7285
7286
7287
7303
7304
7305
7306
7307
7308
7309
7310
7311
7312
7313
7314
7315
7316
7332
7333
7334
7335
7336
7337
7338
7339
7340
7341
7342
7343
7344
7345
7361
7362
7363
7364
7365
7366
7367
7368
7369
7370
7371
7372
7373
7374
7390
7391
7392
7393
7394
7395
7396
7397
7398
7399
7400
7401
7402
7403
7419
7420
7421
7422
7423
7424
7425
7426
7427
7428
7429
7430
7431
7432
7448
7449
7450
7451
7452
7453
7454
7455
7456
7457
7458
7459
7460
7461
7477
7478
7479
7480
7481
7482
7483
7484
7485
7486
7487
7488
7489
7490
7506
7507
7508
7509
7510
7511
7512
7513
7514
7515
7516
7517
7518
7519
7535
7536
7537
7538
7539
7540
7541
7542
7543
7544
7545
7546
7547
7548
7564
7565
7566
7567
7568
7569
7570
7571
7572
7573
7574
7575
7576
7577
7593
7594
7595
7596
7597
7598
7599
7600
7601
7602
7603
7604
7605
7606
7622
7623
7624
7625
7626
7627
7628
7629
7630
7631
7632
7633
7634
7635
7651
7652
7653
7654
7655
7656
7657
7658
7659
7660
7661
7662
7663
7664
7680
7681
7682
7683
7684
7685
7686
7687
7688
7689
7690
7691
7692
7693
7709
7710
7711
7712
7713
7714
7715
7716
7717
7718
7719
7720
7721
7722
7738
7739
7740
7741
7742
7743
7744
7745
7746
7747
7748
7749
7750
7751
7767
7768
7769
7770
7771
7772
7773
7774
7775
7776
7777
7778
7779
7780
7796
7797
7798
7799
7800
7801
7802
7803
7804
7805
7806
7807
7808
7809
7825
7826
7827
7828
7829
7830
7831
7832
7833
7834
7835
7836
7837
7838
7854
7855
7856
7857
7858
7859
7860
7861
7862
7863
7864
7865
7866
7867
7883
7884
7885
7886
7887
7888
7889
7890
7891
7892
7893
7894
7895
7896
7912
7914
7915
7917
7918
7920
7921
7923
7925
8656
8657
8658
8659
8660
8661
8662
8663
8664
8665
8666
8667
8668
8669
8685
8686
8687
8688
8689
8690
8691
8692
8693
8694
8695
8696
8697
8698
8714
8715
8716
8717
8718
8719
8720
8721
8722
8723
8724
8725
8726
8727
8743
8744
8745
8746
8747
8748
8749
8750
8751
8752
8753
8754
8755
8756
8772
8773
8774
8775
8776
8777
8778
8779
8780
8781
8782
8783
8784
8785
8801
8802
8803
8804
8805
8806
8807
8808
8809
8810
8811
8812
8813
8814
8830
8831
8832
8833
8834
8835
8836
8837
8838
8839
8840
8841
8842
8843
8859
8860
8861
8862
8863
8864
8865
8866
8867
8868
8869
8870
8871
8872
8888
8889
8890
8891
8892
8893
8894
8895
8896
8897
8898
8899
8900
8901
8917
8918
8919
8920
8921
8922
8923
8924
8925
8926
8927
8928
8929
8930
8946
8947
8948
8949
8950
8951
8952
8953
8954
8955
8956
8957
8958
8959
8975
8976
8977
8978
8979
8980
8981
8982
8983
8984
8985
8986
8987
8988
9004
9005
9006
9007
9008
9009
9010
9011
9012
9013
9014
9015
9016
9017
9033
9034
9035
9036
9037
9038
9039
9040
9041
9042
9043
9044
9045
9046
9062
9063
9064
9065
9066
9067
9068
9069
9070
9071
9072
9073
9074
9075
9091
9092
9093
9094
9095
9096
9097
9098
9099
9100
9101
9102
9103
9104
9120
9121
9122
9123
9124
9125
9126
9127
9128
9129
9130
9131
9132
9133
9149
9150
9151
9152
9153
9154
9155
9156
9157
9158
9159
9160
9161
9162
9178
9179
9180
9181
9182
9183
9184
9185
9186
9187
9188
9189
9190
9191
9207
9208
9209
9210
9211
9212
9213
9214
9215
9216
9217
9218
9219
9220
9236
9237
9238
9239
9240
9241
9242
9243
9244
9245
9246
9247
9248
9249
9265
9266
9267
9268
9269
9270
9271
9272
9273
9274
9275
9276
9277
9278
9294
9295
9296
9297
9298
9299
9300
9301
9302
9303
9304
9305
9306
9307
9323
9324
9325
9326
9327
9328
9329
9330
9331
9332
9333
9334
9335
9336
9352
9354
9355
9357
9358
9360
9361
9363
9365
10096
10097
10098
10099
10100
10101
10102
10103
10104
10105
10106
10107
10108
10109
10125
10126
10127
10128
10129
10130
10131
10132
10133
10134
10135
10136
10137
10138
10154
10155
10156
10157
10158
10159
10160
10161
10162
10163
10164
10165
10166
10167
10183
10184
10185
10186
10187
10188
10189
10190
10191
10192
10193
10194
10195
10196
10212
10213
10214
10215
10216
10217
10218
10219
10220
10221
10222
10223
10224
10225
10241
10242
10243
10244
10245
10246
10247
10248
10249
10250
10251
10252
10253
10254
10270
10271
10272
10273
10274
10275
10276
10277
10278
10279
10280
10281
10282
10283
10299
10300
10301
10302
10303
10304
10305
10306
10307
10308
10309
10310
10311
10312
10328
10329
10330
10331
10332
10333
10334
10335
10336
10337
10338
10339
10340
10341
10357
10358
10359
10360
10361
10362
10363
10364
10365
10366
10367
10368
10369
10370
10386
10387
10388
10389
10390
10391
10392
10393
10394
10395
10396
10397
10398
10399
10415
10416
10417
10418
10419
10420
10421
10422
10423
10424
10425
10426
10427
10428
10444
10445
10446
10447
10448
10449
10450
10451
10452
10453
10454
10455
10456
10457
10473
10474
10475
10476
10477
10478
10479
10480
10481
10482
10483
10484
10485
10486
10502
10503
10504
10505
10506
10507
10508
10509
10510
10511
10512
10513
10514
10515
10531
10532
10533
10534
10535
10536
10537
10538
10539
10540
10541
10542
10543
10544
10560
10561
10562
10563
10564
10565
10566
10567
10568
10569
10570
10571
10572
10573
10589
10590
10591
10592
10593
10594
10595
10596
10597
10598
10599
10600
10601
10602
10618
10619
10620
10621
10622
10623
10624
10625
10626
10627
10628
10629
10630
10631
10647
10648
10649
10650
10651
10652
10653
10654
10655
10656
10657
10658
10659
10660
10676
10677
10678
10679
10680
10681
10682
10683
10684
10685
10686
10687
10688
10689
10705
10706
10707
10708
10709
10710
10711
10712
10713
10714
10715
10716
10717
10718
10734
10735
10736
10737
10738
10739
10740
10741
10742
10743
10744
10745
10746
10747
10763
10764
10765
10766
10767
10768
10769
10770
10771
10772
10773
10774
10775
10776
10792
10794
10795
10797
10798
10800
10801
10803
10805
11536
11537
11538
11539
11540
11541
11542
11543
11544
11545
11546
11547
11548
11549
11565
11566
11567
11568
11569
11570
11571
11572
11573
11574
11575
11576
11577
11578
11594
11595
11596
11597
11598
11599
11600
11601
11602
11603
11604
11605
11606
11607
11623
11624
11625
11626
11627
11628
11629
11630
11631
11632
11633
11634
11635
11636
11652
11653
11654
11655
11656
11657
11658
11659
11660
11661
11662
11663
11664
11665
11681
11682
11683
11684
11685
11686
11687
11688
11689
11690
11691
11692
11693
11694
11710
11711
11712
11713
11714
11715
11716
11717
11718
11719
11720
11721
11722
11723
11739
11740
11741
11742
11743
11744
11745
11746
11747
11748
11749
11750
11751
11752
11768
11769
11770
11771
11772
11773
11774
11775
11776
11777
11778
11779
11780
11781
11797
11798
11799
11800
11801
11802
11803
11804
11805
11806
11807
11808
11809
11810
11826
11827
11828
11829
11830
11831
11832
11833
11834
11835
11836
11837
11838
11839
11855
11856
11857
11858
11859
11860
11861
11862
11863
11864
11865
11866
11867
11868
11884
11885
11886
11887
11888
11889
11890
11891
11892
11893
11894
11895
11896
11897
11913
11914
11915
11916
11917
11918
11919
11920
11921
11922
11923
11924
11925
11926
11942
11943
11944
11945
11946
11947
11948
11949
11950
11951
11952
11953
11954
11955
11971
11972
11973
11974
11975
11976
11977
11978
11979
11980
11981
11982
11983
11984
12000
12001
12002
12003
12004
12005
12006
12007
12008
12009
12010
12011
12012
12013
12029
12030
12031
12032
12033
12034
12035
12036
12037
12038
12039
12040
12041
12042
12058
12059
12060
12061
12062
12063
12064
12065
12066
12067
12068
12069
12070
12071
12087
12088
12089
12090
12091
12092
12093
12094
12095
12096
12097
12098
12099
12100
12116
12117
12118
12119
12120
12121
12122
12123
12124
12125
12126
12127
12128
12129
12145
12146
12147
12148
12149
12150
12151
12152
12153
12154
12155
12156
12157
12158
12174
12175
12176
12177
12178
12179
12180
12181
12182
12183
12184
12185
12186
12187
12203
12204
12205
12206
12207
12208
12209
12210
12211
12212
12213
12214
12215
12216
12232
12234
12235
12237
12238
12240
12241
12243
12245
12971
12972
12973
12974
12975
12976
12977
12978
12979
12990
12991
12992
12993
12994
12995
12996
12997
12998
13009
13010
13011
13012
13013
13014
13015
13016
13017
13028
13029
13030
13031
13032
13033
13034
13035
13036
13047
13048
13049
13050
13051
13052
13053
13054
13055
13066
13067
13068
13069
13070
13071
13072
13073
13074
13085
13086
13087
13088
13089
13090
13091
13092
13093
13104
13105
13106
13107
13108
13109
13110
13111
13112
13123
13124
13125
13126
13127
13128
13129
13130
13131
13142
13143
13144
13145
13146
13147
13148
13149
13150
13161
13162
13163
13164
13165
13166
13167
13168
13169
13180
13181
13182
13183
13184
13185
13186
13187
13188
13199
13200
13201
13202
13203
13204
13205
13206
13207
13218
13219
13220
13221
13222
13223
13224
13225
13226
13237
13238
13239
13240
13241
13242
13243
13244
13245
13256
13257
13258
13259
13260
13261
13262
13263
13264
13275
13276
13277
13278
13279
13280
13281
13282
13283
13294
13295
13296
13297
13298
13299
13300
13301
13302
13313
13314
13315
13316
13317
13318
13319
13320
13321
13332
13333
13334
13335
13336
13337
13338
13339
13340
13351
13352
13353
13354
13355
13356
13357
13358
13359
13370
13371
13372
13373
13374
13375
13376
13377
13378
13389
13390
13391
13392
13393
13394
13395
13396
13397
13408
13409
13410
13411
13412
13413
13414
13415
13416
13427
13429
13431
13433
14051
14052
14053
14054
14055
14056
14057
14058
14059
14060
14061
14062
14063
14064
14065
14066
14067
14068
14069
14070
14071
14072
14073
14074
14075
14076
14077
14078
14079
14080
14081
14082
14083
14084
14085
14086
14087
14088
14089
14090
14091
14092
14093
14094
14095
14096
14097
14098
14099
14100
15351
15352
15353
15354
15355
15356
15357
15358
15359
15360
15361
15362
15363
15364
15365
15366
15367
15368
15369
15370
15371
15372
15373
15374
15375
15401
15402
15403
15404
15405
15406
15407
15408
15409
15410
15411
15412
15413
15414
15415
15416
15417
15418
15419
15420
15421
15422
15423
15424
15425
15451
15452
15453
15454
15455
15456
15457
15458
15459
15460
15461
15462
15463
15464
15465
15466
15467
15468
15469
15470
15471
15472
15473
15474
15475
15501
15502
15503
15504
15505
15506
15507
15508
15509
15510
15511
15512
15513
15514
15515
15516
15517
15518
15519
15520
15521
15522
15523
15524
15525
15551
15552
15553
15554
15555
15556
15557
15558
15559
15560
15561
15562
15563
15564
15565
15566
15567
15568
15569
15570
15571
15572
15573
15574
15575
15851
15852
15853
15854
15855
15856
15857
15858
15859
15860
15861
15862
15863
15864
15865
15866
15867
15868
15869
15870
15871
15872
15873
15874
15875
15901
15902
15903
15904
15905
15906
15907
15908
15909
15910
15911
15912
15913
15914
15915
15916
15917
15918
15919
15920
15921
15922
15923
15924
15925
15951
15952
15953
15954
15955
15956
15957
15958
15959
15960
15961
15962
15963
15964
15965
15966
15967
15968
15969
15970
15971
15972
15973
15974
15975
16001
16002
16003
16004
16005
16006
16007
16008
16009
16010
16011
16012
16013
16014
16015
16016
16017
16018
16019
16020
16021
16022
16023
16024
16025
16051
16052
16053
16054
16055
16056
16057
16058
16059
16060
16061
16062
16063
16064
16065
16066
16067
16068
16069
16070
16071
16072
16073
16074
16075
-13
-42
-71
-100
-129
-158
-187
-216
-245
-274
-303
-332
-361
-390
-419
-448
-477
-506
-535
-564
-593
-622
-651
-680
-709
-1453
-1482
-1511
-1540
-1569
-1598
-1627
-1656
-1685
-1714
-1743
-1772
-1801
-1830
-1859
-1888
-1917
-1946
-1975
-2004
-2033
-2062
-2091
-2120
-2149
-2893
-2922
-2951
-2980
-3009
-3038
-3067
-3096
-3125
-3154
-3183
-3212
-3241
-3270
-3299
-3328
-3357
-3386
-3415
-3444
-3473
-3502
-3531
-3560
-3589
-4333
-4362
-4391
-4420
-4449
-4478
-4507
-4536
-4565
-4594
-4623
-4652
-4681
-4710
-4739
-4768
-4797
-4826
-4855
-4884
-4913
-4942
-4971
-5000
-5029
-5773
-5802
-5831
-5860
-5889
-5918
-5947
-5976
-6005
-6034
-6063
-6092
-6121
-6150
-6179
-6208
-6237
-6266
-6295
-6324
-6353
-6382
-6411
-6440
-6469
-7213
-7242
-7271
-7300
-7329
-7358
-7387
-7416
-7445
-7474
-7503
-7532
-7561
-7590
-7619
-7648
-7677
-7706
-7735
-7764
-7793
-7822
-7851
-7880
-7909
-8653
-8682
-8711
-8740
-8769
-8798
-8827
-8856
-8885
-8914
-8943
-8972
-9001
-9030
-9059
-9088
-9117
-9146
-9175
-9204
-9233
-9262
-9291
-9320
-9349
-10093
-10122
-10151
-10180
-10209
-10238
-10267
-10296
-10325
-10354
-10383
-10412
-10441
-10470
-10499
-10528
-10557
-10586
-10615
-10644
-10673
-10702
-10731
-10760
-10789
-11533
-11562
-11591
-11620
-11649
-11678
-11707
-11736
-11765
-11794
-11823
-11852
-11881
-11910
-11939
-11968
-11997
-12026
-12055
-12084
-12113
-12142
-12171
-12200
-12229
-12969
-12988
-13007
-13026
-13045
-13064
-13083
-13102
-13121
-13140
-13159
-13178
-13197
-13216
-13235
-13254
-13273
-13292
-13311
-13330
-13349
-13368
-13387
-13406
-13425
14601
14602
14603
14604
14605
14606
14607
14608
14609
14610
14611
14612
14613
14614
14615
14616
14617
14618
14619
14620
14621
14622
14623
14624
14625
14651
14652
14653
14654
14655
14656
14657
14658
14659
14660
14661
14662
14663
14664
14665
14666
14667
14668
14669
14670
14671
14672
14673
14674
14675
14701
14702
14703
14704
14705
14706
14707
14708
14709
14710
14711
14712
14713
14714
14715
14716
14717
14718
14719
14720
14721
14722
14723
14724
14725
14751
14752
14753
14754
14755
14756
14757
14758
14759
14760
14761
14762
14763
14764
14765
14766
14767
14768
14769
14770
14771
14772
14773
14774
14775
14801
14802
14803
14804
14805
14806
14807
14808
14809
14810
14811
14812
14813
14814
14815
14816
14817
14818
14819
14820
14821
14822
14823
14824
14825
14851
14852
14853
14854
14855
14856
14857
14858
14859
14860
14861
14862
14863
14864
14865
14866
14867
14868
14869
14870
14871
14872
14873
14874
14875
14901
14902
14903
14904
14905
14906
14907
14908
14909
14910
14911
14912
14913
14914
14915
14916
14917
14918
14919
14920
14921
14922
14923
14924
14925
14951
14952
14953
14954
14955
14956
14957
14958
14959
14960
14961
14962
14963
14964
14965
14966
14967
14968
14969
14970
14971
14972
14973
14974
14975
15001
15002
15003
15004
15005
15006
15007
15008
15009
15010
15011
15012
15013
15014
15015
15016
15017
15018
15019
15020
15021
15022
15023
15024
15025
15051
15052
15053
15054
15055
15056
15057
15058
15059
15060
15061
15062
15063
15064
15065
15066
15067
15068
15069
15070
15071
15072
15073
15074
15075
713
716
719
722
724
2153
2156
2159
2162
2164
3593
3596
3599
3602
3604
5033
5036
5039
5042
5044
6473
6476
6479
6482
6484
7913
7916
7919
7922
7924
9353
9356
9359
9362
9364
10793
10796
10799
10802
10804
12233
12236
12239
12242
12244
13428
13430
13432
13434
13435
)


// ************************************************************************* //
