/*--------------------------------*- C++ -*----------------------------------*\
| =========                 |                                                 |
| \\      /  F ield         | OpenFOAM: The Open Source CFD Toolbox           |
|  \\    /   O peration     | Version:  2306                                  |
|   \\  /    A nd           | Website:  www.openfoam.com                      |
|    \\/     M anipulation  |                                                 |
\*---------------------------------------------------------------------------*/
FoamFile
{
    version     2.0;
    format      ascii;
    arch        "LSB;label=32;scalar=64";
    note        "nPoints:1716  nCells:1250  nFaces:4175  nInternalFaces:3325";
    class       labelList;
    location    "constant/polyMesh";
    object      neighbour;
}
// * * * * * * * * * * * * * * * * * * * * * * * * * * * * * * * * * * * * * //


3325
(
1
5
125
2
6
126
3
7
127
4
8
128
9
129
6
10
130
7
11
131
8
12
132
9
13
133
14
134
11
15
135
12
16
136
13
17
137
14
18
138
19
139
16
20
140
17
21
141
18
22
142
19
23
143
24
144
21
25
145
22
26
146
23
27
147
24
28
148
29
149
26
30
150
27
31
151
28
32
152
29
33
153
34
154
31
35
155
32
36
156
33
37
157
34
38
158
39
159
36
40
160
37
41
161
38
42
162
39
43
163
44
164
41
45
165
42
46
166
43
47
167
44
48
168
49
169
46
50
170
47
51
171
48
52
172
49
53
173
54
174
51
55
175
52
56
176
53
57
177
54
58
178
59
179
56
60
180
57
61
181
58
62
182
59
63
183
64
184
61
65
185
62
66
186
63
67
187
64
68
188
69
189
66
70
190
67
71
191
68
72
192
69
73
193
74
194
71
75
195
72
76
196
73
77
197
74
78
198
79
199
76
80
200
77
81
201
78
82
202
79
83
203
84
204
81
85
205
82
86
206
83
87
207
84
88
208
89
209
86
90
210
87
91
211
88
92
212
89
93
213
94
214
91
95
215
92
96
216
93
97
217
94
98
218
99
219
96
100
220
97
101
221
98
102
222
99
103
223
104
224
101
105
225
102
106
226
103
107
227
104
108
228
109
229
106
110
230
107
111
231
108
112
232
109
113
233
114
234
111
115
235
112
116
236
113
117
237
114
118
238
119
239
116
120
240
117
121
241
118
122
242
119
123
243
124
244
121
245
122
246
123
247
124
248
249
126
130
250
127
131
251
128
132
252
129
133
253
134
254
131
135
255
132
136
256
133
137
257
134
138
258
139
259
136
140
260
137
141
261
138
142
262
139
143
263
144
264
141
145
265
142
146
266
143
147
267
144
148
268
149
269
146
150
270
147
151
271
148
152
272
149
153
273
154
274
151
155
275
152
156
276
153
157
277
154
158
278
159
279
156
160
280
157
161
281
158
162
282
159
163
283
164
284
161
165
285
162
166
286
163
167
287
164
168
288
169
289
166
170
290
167
171
291
168
172
292
169
173
293
174
294
171
175
295
172
176
296
173
177
297
174
178
298
179
299
176
180
300
177
181
301
178
182
302
179
183
303
184
304
181
185
305
182
186
306
183
187
307
184
188
308
189
309
186
190
310
187
191
311
188
192
312
189
193
313
194
314
191
195
315
192
196
316
193
197
317
194
198
318
199
319
196
200
320
197
201
321
198
202
322
199
203
323
204
324
201
205
325
202
206
326
203
207
327
204
208
328
209
329
206
210
330
207
211
331
208
212
332
209
213
333
214
334
211
215
335
212
216
336
213
217
337
214
218
338
219
339
216
220
340
217
221
341
218
222
342
219
223
343
224
344
221
225
345
222
226
346
223
227
347
224
228
348
229
349
226
230
350
227
231
351
228
232
352
229
233
353
234
354
231
235
355
232
236
356
233
237
357
234
238
358
239
359
236
240
360
237
241
361
238
242
362
239
243
363
244
364
241
245
365
242
246
366
243
247
367
244
248
368
249
369
246
370
247
371
248
372
249
373
374
251
255
375
252
256
376
253
257
377
254
258
378
259
379
256
260
380
257
261
381
258
262
382
259
263
383
264
384
261
265
385
262
266
386
263
267
387
264
268
388
269
389
266
270
390
267
271
391
268
272
392
269
273
393
274
394
271
275
395
272
276
396
273
277
397
274
278
398
279
399
276
280
400
277
281
401
278
282
402
279
283
403
284
404
281
285
405
282
286
406
283
287
407
284
288
408
289
409
286
290
410
287
291
411
288
292
412
289
293
413
294
414
291
295
415
292
296
416
293
297
417
294
298
418
299
419
296
300
420
297
301
421
298
302
422
299
303
423
304
424
301
305
425
302
306
426
303
307
427
304
308
428
309
429
306
310
430
307
311
431
308
312
432
309
313
433
314
434
311
315
435
312
316
436
313
317
437
314
318
438
319
439
316
320
440
317
321
441
318
322
442
319
323
443
324
444
321
325
445
322
326
446
323
327
447
324
328
448
329
449
326
330
450
327
331
451
328
332
452
329
333
453
334
454
331
335
455
332
336
456
333
337
457
334
338
458
339
459
336
340
460
337
341
461
338
342
462
339
343
463
344
464
341
345
465
342
346
466
343
347
467
344
348
468
349
469
346
350
470
347
351
471
348
352
472
349
353
473
354
474
351
355
475
352
356
476
353
357
477
354
358
478
359
479
356
360
480
357
361
481
358
362
482
359
363
483
364
484
361
365
485
362
366
486
363
367
487
364
368
488
369
489
366
370
490
367
371
491
368
372
492
369
373
493
374
494
371
495
372
496
373
497
374
498
499
376
380
500
377
381
501
378
382
502
379
383
503
384
504
381
385
505
382
386
506
383
387
507
384
388
508
389
509
386
390
510
387
391
511
388
392
512
389
393
513
394
514
391
395
515
392
396
516
393
397
517
394
398
518
399
519
396
400
520
397
401
521
398
402
522
399
403
523
404
524
401
405
525
402
406
526
403
407
527
404
408
528
409
529
406
410
530
407
411
531
408
412
532
409
413
533
414
534
411
415
535
412
416
536
413
417
537
414
418
538
419
539
416
420
540
417
421
541
418
422
542
419
423
543
424
544
421
425
545
422
426
546
423
427
547
424
428
548
429
549
426
430
550
427
431
551
428
432
552
429
433
553
434
554
431
435
555
432
436
556
433
437
557
434
438
558
439
559
436
440
560
437
441
561
438
442
562
439
443
563
444
564
441
445
565
442
446
566
443
447
567
444
448
568
449
569
446
450
570
447
451
571
448
452
572
449
453
573
454
574
451
455
575
452
456
576
453
457
577
454
458
578
459
579
456
460
580
457
461
581
458
462
582
459
463
583
464
584
461
465
585
462
466
586
463
467
587
464
468
588
469
589
466
470
590
467
471
591
468
472
592
469
473
593
474
594
471
475
595
472
476
596
473
477
597
474
478
598
479
599
476
480
600
477
481
601
478
482
602
479
483
603
484
604
481
485
605
482
486
606
483
487
607
484
488
608
489
609
486
490
610
487
491
611
488
492
612
489
493
613
494
614
491
495
615
492
496
616
493
497
617
494
498
618
499
619
496
620
497
621
498
622
499
623
624
501
505
625
502
506
626
503
507
627
504
508
628
509
629
506
510
630
507
511
631
508
512
632
509
513
633
514
634
511
515
635
512
516
636
513
517
637
514
518
638
519
639
516
520
640
517
521
641
518
522
642
519
523
643
524
644
521
525
645
522
526
646
523
527
647
524
528
648
529
649
526
530
650
527
531
651
528
532
652
529
533
653
534
654
531
535
655
532
536
656
533
537
657
534
538
658
539
659
536
540
660
537
541
661
538
542
662
539
543
663
544
664
541
545
665
542
546
666
543
547
667
544
548
668
549
669
546
550
670
547
551
671
548
552
672
549
553
673
554
674
551
555
675
552
556
676
553
557
677
554
558
678
559
679
556
560
680
557
561
681
558
562
682
559
563
683
564
684
561
565
685
562
566
686
563
567
687
564
568
688
569
689
566
570
690
567
571
691
568
572
692
569
573
693
574
694
571
575
695
572
576
696
573
577
697
574
578
698
579
699
576
580
700
577
581
701
578
582
702
579
583
703
584
704
581
585
705
582
586
706
583
587
707
584
588
708
589
709
586
590
710
587
591
711
588
592
712
589
593
713
594
714
591
595
715
592
596
716
593
597
717
594
598
718
599
719
596
600
720
597
601
721
598
602
722
599
603
723
604
724
601
605
725
602
606
726
603
607
727
604
608
728
609
729
606
610
730
607
611
731
608
612
732
609
613
733
614
734
611
615
735
612
616
736
613
617
737
614
618
738
619
739
616
620
740
617
621
741
618
622
742
619
623
743
624
744
621
745
622
746
623
747
624
748
749
626
630
750
627
631
751
628
632
752
629
633
753
634
754
631
635
755
632
636
756
633
637
757
634
638
758
639
759
636
640
760
637
641
761
638
642
762
639
643
763
644
764
641
645
765
642
646
766
643
647
767
644
648
768
649
769
646
650
770
647
651
771
648
652
772
649
653
773
654
774
651
655
775
652
656
776
653
657
777
654
658
778
659
779
656
660
780
657
661
781
658
662
782
659
663
783
664
784
661
665
785
662
666
786
663
667
787
664
668
788
669
789
666
670
790
667
671
791
668
672
792
669
673
793
674
794
671
675
795
672
676
796
673
677
797
674
678
798
679
799
676
680
800
677
681
801
678
682
802
679
683
803
684
804
681
685
805
682
686
806
683
687
807
684
688
808
689
809
686
690
810
687
691
811
688
692
812
689
693
813
694
814
691
695
815
692
696
816
693
697
817
694
698
818
699
819
696
700
820
697
701
821
698
702
822
699
703
823
704
824
701
705
825
702
706
826
703
707
827
704
708
828
709
829
706
710
830
707
711
831
708
712
832
709
713
833
714
834
711
715
835
712
716
836
713
717
837
714
718
838
719
839
716
720
840
717
721
841
718
722
842
719
723
843
724
844
721
725
845
722
726
846
723
727
847
724
728
848
729
849
726
730
850
727
731
851
728
732
852
729
733
853
734
854
731
735
855
732
736
856
733
737
857
734
738
858
739
859
736
740
860
737
741
861
738
742
862
739
743
863
744
864
741
745
865
742
746
866
743
747
867
744
748
868
749
869
746
870
747
871
748
872
749
873
874
751
755
875
752
756
876
753
757
877
754
758
878
759
879
756
760
880
757
761
881
758
762
882
759
763
883
764
884
761
765
885
762
766
886
763
767
887
764
768
888
769
889
766
770
890
767
771
891
768
772
892
769
773
893
774
894
771
775
895
772
776
896
773
777
897
774
778
898
779
899
776
780
900
777
781
901
778
782
902
779
783
903
784
904
781
785
905
782
786
906
783
787
907
784
788
908
789
909
786
790
910
787
791
911
788
792
912
789
793
913
794
914
791
795
915
792
796
916
793
797
917
794
798
918
799
919
796
800
920
797
801
921
798
802
922
799
803
923
804
924
801
805
925
802
806
926
803
807
927
804
808
928
809
929
806
810
930
807
811
931
808
812
932
809
813
933
814
934
811
815
935
812
816
936
813
817
937
814
818
938
819
939
816
820
940
817
821
941
818
822
942
819
823
943
824
944
821
825
945
822
826
946
823
827
947
824
828
948
829
949
826
830
950
827
831
951
828
832
952
829
833
953
834
954
831
835
955
832
836
956
833
837
957
834
838
958
839
959
836
840
960
837
841
961
838
842
962
839
843
963
844
964
841
845
965
842
846
966
843
847
967
844
848
968
849
969
846
850
970
847
851
971
848
852
972
849
853
973
854
974
851
855
975
852
856
976
853
857
977
854
858
978
859
979
856
860
980
857
861
981
858
862
982
859
863
983
864
984
861
865
985
862
866
986
863
867
987
864
868
988
869
989
866
870
990
867
871
991
868
872
992
869
873
993
874
994
871
995
872
996
873
997
874
998
999
876
880
1000
877
881
1001
878
882
1002
879
883
1003
884
1004
881
885
1005
882
886
1006
883
887
1007
884
888
1008
889
1009
886
890
1010
887
891
1011
888
892
1012
889
893
1013
894
1014
891
895
1015
892
896
1016
893
897
1017
894
898
1018
899
1019
896
900
1020
897
901
1021
898
902
1022
899
903
1023
904
1024
901
905
1025
902
906
1026
903
907
1027
904
908
1028
909
1029
906
910
1030
907
911
1031
908
912
1032
909
913
1033
914
1034
911
915
1035
912
916
1036
913
917
1037
914
918
1038
919
1039
916
920
1040
917
921
1041
918
922
1042
919
923
1043
924
1044
921
925
1045
922
926
1046
923
927
1047
924
928
1048
929
1049
926
930
1050
927
931
1051
928
932
1052
929
933
1053
934
1054
931
935
1055
932
936
1056
933
937
1057
934
938
1058
939
1059
936
940
1060
937
941
1061
938
942
1062
939
943
1063
944
1064
941
945
1065
942
946
1066
943
947
1067
944
948
1068
949
1069
946
950
1070
947
951
1071
948
952
1072
949
953
1073
954
1074
951
955
1075
952
956
1076
953
957
1077
954
958
1078
959
1079
956
960
1080
957
961
1081
958
962
1082
959
963
1083
964
1084
961
965
1085
962
966
1086
963
967
1087
964
968
1088
969
1089
966
970
1090
967
971
1091
968
972
1092
969
973
1093
974
1094
971
975
1095
972
976
1096
973
977
1097
974
978
1098
979
1099
976
980
1100
977
981
1101
978
982
1102
979
983
1103
984
1104
981
985
1105
982
986
1106
983
987
1107
984
988
1108
989
1109
986
990
1110
987
991
1111
988
992
1112
989
993
1113
994
1114
991
995
1115
992
996
1116
993
997
1117
994
998
1118
999
1119
996
1120
997
1121
998
1122
999
1123
1124
1001
1005
1125
1002
1006
1126
1003
1007
1127
1004
1008
1128
1009
1129
1006
1010
1130
1007
1011
1131
1008
1012
1132
1009
1013
1133
1014
1134
1011
1015
1135
1012
1016
1136
1013
1017
1137
1014
1018
1138
1019
1139
1016
1020
1140
1017
1021
1141
1018
1022
1142
1019
1023
1143
1024
1144
1021
1025
1145
1022
1026
1146
1023
1027
1147
1024
1028
1148
1029
1149
1026
1030
1150
1027
1031
1151
1028
1032
1152
1029
1033
1153
1034
1154
1031
1035
1155
1032
1036
1156
1033
1037
1157
1034
1038
1158
1039
1159
1036
1040
1160
1037
1041
1161
1038
1042
1162
1039
1043
1163
1044
1164
1041
1045
1165
1042
1046
1166
1043
1047
1167
1044
1048
1168
1049
1169
1046
1050
1170
1047
1051
1171
1048
1052
1172
1049
1053
1173
1054
1174
1051
1055
1175
1052
1056
1176
1053
1057
1177
1054
1058
1178
1059
1179
1056
1060
1180
1057
1061
1181
1058
1062
1182
1059
1063
1183
1064
1184
1061
1065
1185
1062
1066
1186
1063
1067
1187
1064
1068
1188
1069
1189
1066
1070
1190
1067
1071
1191
1068
1072
1192
1069
1073
1193
1074
1194
1071
1075
1195
1072
1076
1196
1073
1077
1197
1074
1078
1198
1079
1199
1076
1080
1200
1077
1081
1201
1078
1082
1202
1079
1083
1203
1084
1204
1081
1085
1205
1082
1086
1206
1083
1087
1207
1084
1088
1208
1089
1209
1086
1090
1210
1087
1091
1211
1088
1092
1212
1089
1093
1213
1094
1214
1091
1095
1215
1092
1096
1216
1093
1097
1217
1094
1098
1218
1099
1219
1096
1100
1220
1097
1101
1221
1098
1102
1222
1099
1103
1223
1104
1224
1101
1105
1225
1102
1106
1226
1103
1107
1227
1104
1108
1228
1109
1229
1106
1110
1230
1107
1111
1231
1108
1112
1232
1109
1113
1233
1114
1234
1111
1115
1235
1112
1116
1236
1113
1117
1237
1114
1118
1238
1119
1239
1116
1120
1240
1117
1121
1241
1118
1122
1242
1119
1123
1243
1124
1244
1121
1245
1122
1246
1123
1247
1124
1248
1249
1126
1130
1127
1131
1128
1132
1129
1133
1134
1131
1135
1132
1136
1133
1137
1134
1138
1139
1136
1140
1137
1141
1138
1142
1139
1143
1144
1141
1145
1142
1146
1143
1147
1144
1148
1149
1146
1150
1147
1151
1148
1152
1149
1153
1154
1151
1155
1152
1156
1153
1157
1154
1158
1159
1156
1160
1157
1161
1158
1162
1159
1163
1164
1161
1165
1162
1166
1163
1167
1164
1168
1169
1166
1170
1167
1171
1168
1172
1169
1173
1174
1171
1175
1172
1176
1173
1177
1174
1178
1179
1176
1180
1177
1181
1178
1182
1179
1183
1184
1181
1185
1182
1186
1183
1187
1184
1188
1189
1186
1190
1187
1191
1188
1192
1189
1193
1194
1191
1195
1192
1196
1193
1197
1194
1198
1199
1196
1200
1197
1201
1198
1202
1199
1203
1204
1201
1205
1202
1206
1203
1207
1204
1208
1209
1206
1210
1207
1211
1208
1212
1209
1213
1214
1211
1215
1212
1216
1213
1217
1214
1218
1219
1216
1220
1217
1221
1218
1222
1219
1223
1224
1221
1225
1222
1226
1223
1227
1224
1228
1229
1226
1230
1227
1231
1228
1232
1229
1233
1234
1231
1235
1232
1236
1233
1237
1234
1238
1239
1236
1240
1237
1241
1238
1242
1239
1243
1244
1241
1245
1242
1246
1243
1247
1244
1248
1249
1246
1247
1248
1249
)


// ************************************************************************* //
