/*--------------------------------*- C++ -*----------------------------------*\
| =========                 |                                                 |
| \\      /  F ield         | OpenFOAM: The Open Source CFD Toolbox           |
|  \\    /   O peration     | Version:  2306                                  |
|   \\  /    A nd           | Website:  www.openfoam.com                      |
|    \\/     M anipulation  |                                                 |
\*---------------------------------------------------------------------------*/
FoamFile
{
    version     2.0;
    format      ascii;
    arch        "LSB;label=32;scalar=64";
    class       labelList;
    location    "constant/polyMesh";
    object      pointProcAddressing;
}
// * * * * * * * * * * * * * * * * * * * * * * * * * * * * * * * * * * * * * //


1716
(
5
6
7
8
9
10
16
17
18
19
20
21
27
28
29
30
31
32
38
39
40
41
42
43
49
50
51
52
53
54
60
61
62
63
64
65
71
72
73
74
75
76
82
83
84
85
86
87
93
94
95
96
97
98
104
105
106
107
108
109
115
116
117
118
119
120
126
127
128
129
130
131
137
138
139
140
141
142
148
149
150
151
152
153
159
160
161
162
163
164
170
171
172
173
174
175
181
182
183
184
185
186
192
193
194
195
196
197
203
204
205
206
207
208
214
215
216
217
218
219
225
226
227
228
229
230
236
237
238
239
240
241
247
248
249
250
251
252
258
259
260
261
262
263
269
270
271
272
273
274
280
281
282
283
284
285
566
567
568
569
570
571
577
578
579
580
581
582
588
589
590
591
592
593
599
600
601
602
603
604
610
611
612
613
614
615
621
622
623
624
625
626
632
633
634
635
636
637
643
644
645
646
647
648
654
655
656
657
658
659
665
666
667
668
669
670
676
677
678
679
680
681
687
688
689
690
691
692
698
699
700
701
702
703
709
710
711
712
713
714
720
721
722
723
724
725
731
732
733
734
735
736
742
743
744
745
746
747
753
754
755
756
757
758
764
765
766
767
768
769
775
776
777
778
779
780
786
787
788
789
790
791
797
798
799
800
801
802
808
809
810
811
812
813
819
820
821
822
823
824
830
831
832
833
834
835
841
842
843
844
845
846
1127
1128
1129
1130
1131
1132
1138
1139
1140
1141
1142
1143
1149
1150
1151
1152
1153
1154
1160
1161
1162
1163
1164
1165
1171
1172
1173
1174
1175
1176
1182
1183
1184
1185
1186
1187
1193
1194
1195
1196
1197
1198
1204
1205
1206
1207
1208
1209
1215
1216
1217
1218
1219
1220
1226
1227
1228
1229
1230
1231
1237
1238
1239
1240
1241
1242
1248
1249
1250
1251
1252
1253
1259
1260
1261
1262
1263
1264
1270
1271
1272
1273
1274
1275
1281
1282
1283
1284
1285
1286
1292
1293
1294
1295
1296
1297
1303
1304
1305
1306
1307
1308
1314
1315
1316
1317
1318
1319
1325
1326
1327
1328
1329
1330
1336
1337
1338
1339
1340
1341
1347
1348
1349
1350
1351
1352
1358
1359
1360
1361
1362
1363
1369
1370
1371
1372
1373
1374
1380
1381
1382
1383
1384
1385
1391
1392
1393
1394
1395
1396
1402
1403
1404
1405
1406
1407
1688
1689
1690
1691
1692
1693
1699
1700
1701
1702
1703
1704
1710
1711
1712
1713
1714
1715
1721
1722
1723
1724
1725
1726
1732
1733
1734
1735
1736
1737
1743
1744
1745
1746
1747
1748
1754
1755
1756
1757
1758
1759
1765
1766
1767
1768
1769
1770
1776
1777
1778
1779
1780
1781
1787
1788
1789
1790
1791
1792
1798
1799
1800
1801
1802
1803
1809
1810
1811
1812
1813
1814
1820
1821
1822
1823
1824
1825
1831
1832
1833
1834
1835
1836
1842
1843
1844
1845
1846
1847
1853
1854
1855
1856
1857
1858
1864
1865
1866
1867
1868
1869
1875
1876
1877
1878
1879
1880
1886
1887
1888
1889
1890
1891
1897
1898
1899
1900
1901
1902
1908
1909
1910
1911
1912
1913
1919
1920
1921
1922
1923
1924
1930
1931
1932
1933
1934
1935
1941
1942
1943
1944
1945
1946
1952
1953
1954
1955
1956
1957
1963
1964
1965
1966
1967
1968
2249
2250
2251
2252
2253
2254
2260
2261
2262
2263
2264
2265
2271
2272
2273
2274
2275
2276
2282
2283
2284
2285
2286
2287
2293
2294
2295
2296
2297
2298
2304
2305
2306
2307
2308
2309
2315
2316
2317
2318
2319
2320
2326
2327
2328
2329
2330
2331
2337
2338
2339
2340
2341
2342
2348
2349
2350
2351
2352
2353
2359
2360
2361
2362
2363
2364
2370
2371
2372
2373
2374
2375
2381
2382
2383
2384
2385
2386
2392
2393
2394
2395
2396
2397
2403
2404
2405
2406
2407
2408
2414
2415
2416
2417
2418
2419
2425
2426
2427
2428
2429
2430
2436
2437
2438
2439
2440
2441
2447
2448
2449
2450
2451
2452
2458
2459
2460
2461
2462
2463
2469
2470
2471
2472
2473
2474
2480
2481
2482
2483
2484
2485
2491
2492
2493
2494
2495
2496
2502
2503
2504
2505
2506
2507
2513
2514
2515
2516
2517
2518
2524
2525
2526
2527
2528
2529
2810
2811
2812
2813
2814
2815
2821
2822
2823
2824
2825
2826
2832
2833
2834
2835
2836
2837
2843
2844
2845
2846
2847
2848
2854
2855
2856
2857
2858
2859
2865
2866
2867
2868
2869
2870
2876
2877
2878
2879
2880
2881
2887
2888
2889
2890
2891
2892
2898
2899
2900
2901
2902
2903
2909
2910
2911
2912
2913
2914
2920
2921
2922
2923
2924
2925
2931
2932
2933
2934
2935
2936
2942
2943
2944
2945
2946
2947
2953
2954
2955
2956
2957
2958
2964
2965
2966
2967
2968
2969
2975
2976
2977
2978
2979
2980
2986
2987
2988
2989
2990
2991
2997
2998
2999
3000
3001
3002
3008
3009
3010
3011
3012
3013
3019
3020
3021
3022
3023
3024
3030
3031
3032
3033
3034
3035
3041
3042
3043
3044
3045
3046
3052
3053
3054
3055
3056
3057
3063
3064
3065
3066
3067
3068
3074
3075
3076
3077
3078
3079
3085
3086
3087
3088
3089
3090
3371
3372
3373
3374
3375
3376
3382
3383
3384
3385
3386
3387
3393
3394
3395
3396
3397
3398
3404
3405
3406
3407
3408
3409
3415
3416
3417
3418
3419
3420
3426
3427
3428
3429
3430
3431
3437
3438
3439
3440
3441
3442
3448
3449
3450
3451
3452
3453
3459
3460
3461
3462
3463
3464
3470
3471
3472
3473
3474
3475
3481
3482
3483
3484
3485
3486
3492
3493
3494
3495
3496
3497
3503
3504
3505
3506
3507
3508
3514
3515
3516
3517
3518
3519
3525
3526
3527
3528
3529
3530
3536
3537
3538
3539
3540
3541
3547
3548
3549
3550
3551
3552
3558
3559
3560
3561
3562
3563
3569
3570
3571
3572
3573
3574
3580
3581
3582
3583
3584
3585
3591
3592
3593
3594
3595
3596
3602
3603
3604
3605
3606
3607
3613
3614
3615
3616
3617
3618
3624
3625
3626
3627
3628
3629
3635
3636
3637
3638
3639
3640
3646
3647
3648
3649
3650
3651
3932
3933
3934
3935
3936
3937
3943
3944
3945
3946
3947
3948
3954
3955
3956
3957
3958
3959
3965
3966
3967
3968
3969
3970
3976
3977
3978
3979
3980
3981
3987
3988
3989
3990
3991
3992
3998
3999
4000
4001
4002
4003
4009
4010
4011
4012
4013
4014
4020
4021
4022
4023
4024
4025
4031
4032
4033
4034
4035
4036
4042
4043
4044
4045
4046
4047
4053
4054
4055
4056
4057
4058
4064
4065
4066
4067
4068
4069
4075
4076
4077
4078
4079
4080
4086
4087
4088
4089
4090
4091
4097
4098
4099
4100
4101
4102
4108
4109
4110
4111
4112
4113
4119
4120
4121
4122
4123
4124
4130
4131
4132
4133
4134
4135
4141
4142
4143
4144
4145
4146
4152
4153
4154
4155
4156
4157
4163
4164
4165
4166
4167
4168
4174
4175
4176
4177
4178
4179
4185
4186
4187
4188
4189
4190
4196
4197
4198
4199
4200
4201
4207
4208
4209
4210
4211
4212
4493
4494
4495
4496
4497
4498
4504
4505
4506
4507
4508
4509
4515
4516
4517
4518
4519
4520
4526
4527
4528
4529
4530
4531
4537
4538
4539
4540
4541
4542
4548
4549
4550
4551
4552
4553
4559
4560
4561
4562
4563
4564
4570
4571
4572
4573
4574
4575
4581
4582
4583
4584
4585
4586
4592
4593
4594
4595
4596
4597
4603
4604
4605
4606
4607
4608
4614
4615
4616
4617
4618
4619
4625
4626
4627
4628
4629
4630
4636
4637
4638
4639
4640
4641
4647
4648
4649
4650
4651
4652
4658
4659
4660
4661
4662
4663
4669
4670
4671
4672
4673
4674
4680
4681
4682
4683
4684
4685
4691
4692
4693
4694
4695
4696
4702
4703
4704
4705
4706
4707
4713
4714
4715
4716
4717
4718
4724
4725
4726
4727
4728
4729
4735
4736
4737
4738
4739
4740
4746
4747
4748
4749
4750
4751
4757
4758
4759
4760
4761
4762
4768
4769
4770
4771
4772
4773
5054
5055
5056
5057
5058
5059
5065
5066
5067
5068
5069
5070
5076
5077
5078
5079
5080
5081
5087
5088
5089
5090
5091
5092
5098
5099
5100
5101
5102
5103
5109
5110
5111
5112
5113
5114
5120
5121
5122
5123
5124
5125
5131
5132
5133
5134
5135
5136
5142
5143
5144
5145
5146
5147
5153
5154
5155
5156
5157
5158
5164
5165
5166
5167
5168
5169
5175
5176
5177
5178
5179
5180
5186
5187
5188
5189
5190
5191
5197
5198
5199
5200
5201
5202
5208
5209
5210
5211
5212
5213
5219
5220
5221
5222
5223
5224
5230
5231
5232
5233
5234
5235
5241
5242
5243
5244
5245
5246
5252
5253
5254
5255
5256
5257
5263
5264
5265
5266
5267
5268
5274
5275
5276
5277
5278
5279
5285
5286
5287
5288
5289
5290
5296
5297
5298
5299
5300
5301
5307
5308
5309
5310
5311
5312
5318
5319
5320
5321
5322
5323
5329
5330
5331
5332
5333
5334
5615
5616
5617
5618
5619
5620
5626
5627
5628
5629
5630
5631
5637
5638
5639
5640
5641
5642
5648
5649
5650
5651
5652
5653
5659
5660
5661
5662
5663
5664
5670
5671
5672
5673
5674
5675
5681
5682
5683
5684
5685
5686
5692
5693
5694
5695
5696
5697
5703
5704
5705
5706
5707
5708
5714
5715
5716
5717
5718
5719
5725
5726
5727
5728
5729
5730
5736
5737
5738
5739
5740
5741
5747
5748
5749
5750
5751
5752
5758
5759
5760
5761
5762
5763
5769
5770
5771
5772
5773
5774
5780
5781
5782
5783
5784
5785
5791
5792
5793
5794
5795
5796
5802
5803
5804
5805
5806
5807
5813
5814
5815
5816
5817
5818
5824
5825
5826
5827
5828
5829
5835
5836
5837
5838
5839
5840
5846
5847
5848
5849
5850
5851
5857
5858
5859
5860
5861
5862
5868
5869
5870
5871
5872
5873
5879
5880
5881
5882
5883
5884
5890
5891
5892
5893
5894
5895
)


// ************************************************************************* //
