/*--------------------------------*- C++ -*----------------------------------*\
| =========                 |                                                 |
| \\      /  F ield         | OpenFOAM: The Open Source CFD Toolbox           |
|  \\    /   O peration     | Version:  2306                                  |
|   \\  /    A nd           | Website:  www.openfoam.com                      |
|    \\/     M anipulation  |                                                 |
\*---------------------------------------------------------------------------*/
FoamFile
{
    version     2.0;
    format      ascii;
    arch        "LSB;label=32;scalar=64";
    class       labelList;
    location    "constant/polyMesh";
    object      cellProcAddressing;
}
// * * * * * * * * * * * * * * * * * * * * * * * * * * * * * * * * * * * * * //


1250
(
250
251
252
253
254
260
261
262
263
264
270
271
272
273
274
280
281
282
283
284
290
291
292
293
294
300
301
302
303
304
310
311
312
313
314
320
321
322
323
324
330
331
332
333
334
340
341
342
343
344
350
351
352
353
354
360
361
362
363
364
370
371
372
373
374
380
381
382
383
384
390
391
392
393
394
400
401
402
403
404
410
411
412
413
414
420
421
422
423
424
430
431
432
433
434
440
441
442
443
444
450
451
452
453
454
460
461
462
463
464
470
471
472
473
474
480
481
482
483
484
490
491
492
493
494
750
751
752
753
754
760
761
762
763
764
770
771
772
773
774
780
781
782
783
784
790
791
792
793
794
800
801
802
803
804
810
811
812
813
814
820
821
822
823
824
830
831
832
833
834
840
841
842
843
844
850
851
852
853
854
860
861
862
863
864
870
871
872
873
874
880
881
882
883
884
890
891
892
893
894
900
901
902
903
904
910
911
912
913
914
920
921
922
923
924
930
931
932
933
934
940
941
942
943
944
950
951
952
953
954
960
961
962
963
964
970
971
972
973
974
980
981
982
983
984
990
991
992
993
994
1250
1251
1252
1253
1254
1260
1261
1262
1263
1264
1270
1271
1272
1273
1274
1280
1281
1282
1283
1284
1290
1291
1292
1293
1294
1300
1301
1302
1303
1304
1310
1311
1312
1313
1314
1320
1321
1322
1323
1324
1330
1331
1332
1333
1334
1340
1341
1342
1343
1344
1350
1351
1352
1353
1354
1360
1361
1362
1363
1364
1370
1371
1372
1373
1374
1380
1381
1382
1383
1384
1390
1391
1392
1393
1394
1400
1401
1402
1403
1404
1410
1411
1412
1413
1414
1420
1421
1422
1423
1424
1430
1431
1432
1433
1434
1440
1441
1442
1443
1444
1450
1451
1452
1453
1454
1460
1461
1462
1463
1464
1470
1471
1472
1473
1474
1480
1481
1482
1483
1484
1490
1491
1492
1493
1494
1750
1751
1752
1753
1754
1760
1761
1762
1763
1764
1770
1771
1772
1773
1774
1780
1781
1782
1783
1784
1790
1791
1792
1793
1794
1800
1801
1802
1803
1804
1810
1811
1812
1813
1814
1820
1821
1822
1823
1824
1830
1831
1832
1833
1834
1840
1841
1842
1843
1844
1850
1851
1852
1853
1854
1860
1861
1862
1863
1864
1870
1871
1872
1873
1874
1880
1881
1882
1883
1884
1890
1891
1892
1893
1894
1900
1901
1902
1903
1904
1910
1911
1912
1913
1914
1920
1921
1922
1923
1924
1930
1931
1932
1933
1934
1940
1941
1942
1943
1944
1950
1951
1952
1953
1954
1960
1961
1962
1963
1964
1970
1971
1972
1973
1974
1980
1981
1982
1983
1984
1990
1991
1992
1993
1994
2250
2251
2252
2253
2254
2260
2261
2262
2263
2264
2270
2271
2272
2273
2274
2280
2281
2282
2283
2284
2290
2291
2292
2293
2294
2300
2301
2302
2303
2304
2310
2311
2312
2313
2314
2320
2321
2322
2323
2324
2330
2331
2332
2333
2334
2340
2341
2342
2343
2344
2350
2351
2352
2353
2354
2360
2361
2362
2363
2364
2370
2371
2372
2373
2374
2380
2381
2382
2383
2384
2390
2391
2392
2393
2394
2400
2401
2402
2403
2404
2410
2411
2412
2413
2414
2420
2421
2422
2423
2424
2430
2431
2432
2433
2434
2440
2441
2442
2443
2444
2450
2451
2452
2453
2454
2460
2461
2462
2463
2464
2470
2471
2472
2473
2474
2480
2481
2482
2483
2484
2490
2491
2492
2493
2494
2750
2751
2752
2753
2754
2760
2761
2762
2763
2764
2770
2771
2772
2773
2774
2780
2781
2782
2783
2784
2790
2791
2792
2793
2794
2800
2801
2802
2803
2804
2810
2811
2812
2813
2814
2820
2821
2822
2823
2824
2830
2831
2832
2833
2834
2840
2841
2842
2843
2844
2850
2851
2852
2853
2854
2860
2861
2862
2863
2864
2870
2871
2872
2873
2874
2880
2881
2882
2883
2884
2890
2891
2892
2893
2894
2900
2901
2902
2903
2904
2910
2911
2912
2913
2914
2920
2921
2922
2923
2924
2930
2931
2932
2933
2934
2940
2941
2942
2943
2944
2950
2951
2952
2953
2954
2960
2961
2962
2963
2964
2970
2971
2972
2973
2974
2980
2981
2982
2983
2984
2990
2991
2992
2993
2994
3250
3251
3252
3253
3254
3260
3261
3262
3263
3264
3270
3271
3272
3273
3274
3280
3281
3282
3283
3284
3290
3291
3292
3293
3294
3300
3301
3302
3303
3304
3310
3311
3312
3313
3314
3320
3321
3322
3323
3324
3330
3331
3332
3333
3334
3340
3341
3342
3343
3344
3350
3351
3352
3353
3354
3360
3361
3362
3363
3364
3370
3371
3372
3373
3374
3380
3381
3382
3383
3384
3390
3391
3392
3393
3394
3400
3401
3402
3403
3404
3410
3411
3412
3413
3414
3420
3421
3422
3423
3424
3430
3431
3432
3433
3434
3440
3441
3442
3443
3444
3450
3451
3452
3453
3454
3460
3461
3462
3463
3464
3470
3471
3472
3473
3474
3480
3481
3482
3483
3484
3490
3491
3492
3493
3494
3750
3751
3752
3753
3754
3760
3761
3762
3763
3764
3770
3771
3772
3773
3774
3780
3781
3782
3783
3784
3790
3791
3792
3793
3794
3800
3801
3802
3803
3804
3810
3811
3812
3813
3814
3820
3821
3822
3823
3824
3830
3831
3832
3833
3834
3840
3841
3842
3843
3844
3850
3851
3852
3853
3854
3860
3861
3862
3863
3864
3870
3871
3872
3873
3874
3880
3881
3882
3883
3884
3890
3891
3892
3893
3894
3900
3901
3902
3903
3904
3910
3911
3912
3913
3914
3920
3921
3922
3923
3924
3930
3931
3932
3933
3934
3940
3941
3942
3943
3944
3950
3951
3952
3953
3954
3960
3961
3962
3963
3964
3970
3971
3972
3973
3974
3980
3981
3982
3983
3984
3990
3991
3992
3993
3994
4250
4251
4252
4253
4254
4260
4261
4262
4263
4264
4270
4271
4272
4273
4274
4280
4281
4282
4283
4284
4290
4291
4292
4293
4294
4300
4301
4302
4303
4304
4310
4311
4312
4313
4314
4320
4321
4322
4323
4324
4330
4331
4332
4333
4334
4340
4341
4342
4343
4344
4350
4351
4352
4353
4354
4360
4361
4362
4363
4364
4370
4371
4372
4373
4374
4380
4381
4382
4383
4384
4390
4391
4392
4393
4394
4400
4401
4402
4403
4404
4410
4411
4412
4413
4414
4420
4421
4422
4423
4424
4430
4431
4432
4433
4434
4440
4441
4442
4443
4444
4450
4451
4452
4453
4454
4460
4461
4462
4463
4464
4470
4471
4472
4473
4474
4480
4481
4482
4483
4484
4490
4491
4492
4493
4494
4750
4751
4752
4753
4754
4760
4761
4762
4763
4764
4770
4771
4772
4773
4774
4780
4781
4782
4783
4784
4790
4791
4792
4793
4794
4800
4801
4802
4803
4804
4810
4811
4812
4813
4814
4820
4821
4822
4823
4824
4830
4831
4832
4833
4834
4840
4841
4842
4843
4844
4850
4851
4852
4853
4854
4860
4861
4862
4863
4864
4870
4871
4872
4873
4874
4880
4881
4882
4883
4884
4890
4891
4892
4893
4894
4900
4901
4902
4903
4904
4910
4911
4912
4913
4914
4920
4921
4922
4923
4924
4930
4931
4932
4933
4934
4940
4941
4942
4943
4944
4950
4951
4952
4953
4954
4960
4961
4962
4963
4964
4970
4971
4972
4973
4974
4980
4981
4982
4983
4984
4990
4991
4992
4993
4994
)


// ************************************************************************* //
