/*--------------------------------*- C++ -*----------------------------------*\
| =========                 |                                                 |
| \\      /  F ield         | OpenFOAM: The Open Source CFD Toolbox           |
|  \\    /   O peration     | Version:  2306                                  |
|   \\  /    A nd           | Website:  www.openfoam.com                      |
|    \\/     M anipulation  |                                                 |
\*---------------------------------------------------------------------------*/
FoamFile
{
    version     2.0;
    format      ascii;
    arch        "LSB;label=32;scalar=64";
    class       labelList;
    location    "constant/polyMesh";
    object      faceProcAddressing;
}
// * * * * * * * * * * * * * * * * * * * * * * * * * * * * * * * * * * * * * //


4175
(
726
727
728
729
730
731
732
733
734
735
736
737
739
740
755
756
757
758
759
760
761
762
763
764
765
766
768
769
784
785
786
787
788
789
790
791
792
793
794
795
797
798
813
814
815
816
817
818
819
820
821
822
823
824
826
827
842
843
844
845
846
847
848
849
850
851
852
853
855
856
871
872
873
874
875
876
877
878
879
880
881
882
884
885
900
901
902
903
904
905
906
907
908
909
910
911
913
914
929
930
931
932
933
934
935
936
937
938
939
940
942
943
958
959
960
961
962
963
964
965
966
967
968
969
971
972
987
988
989
990
991
992
993
994
995
996
997
998
1000
1001
1016
1017
1018
1019
1020
1021
1022
1023
1024
1025
1026
1027
1029
1030
1045
1046
1047
1048
1049
1050
1051
1052
1053
1054
1055
1056
1058
1059
1074
1075
1076
1077
1078
1079
1080
1081
1082
1083
1084
1085
1087
1088
1103
1104
1105
1106
1107
1108
1109
1110
1111
1112
1113
1114
1116
1117
1132
1133
1134
1135
1136
1137
1138
1139
1140
1141
1142
1143
1145
1146
1161
1162
1163
1164
1165
1166
1167
1168
1169
1170
1171
1172
1174
1175
1190
1191
1192
1193
1194
1195
1196
1197
1198
1199
1200
1201
1203
1204
1219
1220
1221
1222
1223
1224
1225
1226
1227
1228
1229
1230
1232
1233
1248
1249
1250
1251
1252
1253
1254
1255
1256
1257
1258
1259
1261
1262
1277
1278
1279
1280
1281
1282
1283
1284
1285
1286
1287
1288
1290
1291
1306
1307
1308
1309
1310
1311
1312
1313
1314
1315
1316
1317
1319
1320
1335
1336
1337
1338
1339
1340
1341
1342
1343
1344
1345
1346
1348
1349
1364
1365
1366
1367
1368
1369
1370
1371
1372
1373
1374
1375
1377
1378
1393
1394
1395
1396
1397
1398
1399
1400
1401
1402
1403
1404
1406
1407
1422
1423
1424
1425
1426
1427
1428
1429
1431
2166
2167
2168
2169
2170
2171
2172
2173
2174
2175
2176
2177
2179
2180
2195
2196
2197
2198
2199
2200
2201
2202
2203
2204
2205
2206
2208
2209
2224
2225
2226
2227
2228
2229
2230
2231
2232
2233
2234
2235
2237
2238
2253
2254
2255
2256
2257
2258
2259
2260
2261
2262
2263
2264
2266
2267
2282
2283
2284
2285
2286
2287
2288
2289
2290
2291
2292
2293
2295
2296
2311
2312
2313
2314
2315
2316
2317
2318
2319
2320
2321
2322
2324
2325
2340
2341
2342
2343
2344
2345
2346
2347
2348
2349
2350
2351
2353
2354
2369
2370
2371
2372
2373
2374
2375
2376
2377
2378
2379
2380
2382
2383
2398
2399
2400
2401
2402
2403
2404
2405
2406
2407
2408
2409
2411
2412
2427
2428
2429
2430
2431
2432
2433
2434
2435
2436
2437
2438
2440
2441
2456
2457
2458
2459
2460
2461
2462
2463
2464
2465
2466
2467
2469
2470
2485
2486
2487
2488
2489
2490
2491
2492
2493
2494
2495
2496
2498
2499
2514
2515
2516
2517
2518
2519
2520
2521
2522
2523
2524
2525
2527
2528
2543
2544
2545
2546
2547
2548
2549
2550
2551
2552
2553
2554
2556
2557
2572
2573
2574
2575
2576
2577
2578
2579
2580
2581
2582
2583
2585
2586
2601
2602
2603
2604
2605
2606
2607
2608
2609
2610
2611
2612
2614
2615
2630
2631
2632
2633
2634
2635
2636
2637
2638
2639
2640
2641
2643
2644
2659
2660
2661
2662
2663
2664
2665
2666
2667
2668
2669
2670
2672
2673
2688
2689
2690
2691
2692
2693
2694
2695
2696
2697
2698
2699
2701
2702
2717
2718
2719
2720
2721
2722
2723
2724
2725
2726
2727
2728
2730
2731
2746
2747
2748
2749
2750
2751
2752
2753
2754
2755
2756
2757
2759
2760
2775
2776
2777
2778
2779
2780
2781
2782
2783
2784
2785
2786
2788
2789
2804
2805
2806
2807
2808
2809
2810
2811
2812
2813
2814
2815
2817
2818
2833
2834
2835
2836
2837
2838
2839
2840
2841
2842
2843
2844
2846
2847
2862
2863
2864
2865
2866
2867
2868
2869
2871
3606
3607
3608
3609
3610
3611
3612
3613
3614
3615
3616
3617
3619
3620
3635
3636
3637
3638
3639
3640
3641
3642
3643
3644
3645
3646
3648
3649
3664
3665
3666
3667
3668
3669
3670
3671
3672
3673
3674
3675
3677
3678
3693
3694
3695
3696
3697
3698
3699
3700
3701
3702
3703
3704
3706
3707
3722
3723
3724
3725
3726
3727
3728
3729
3730
3731
3732
3733
3735
3736
3751
3752
3753
3754
3755
3756
3757
3758
3759
3760
3761
3762
3764
3765
3780
3781
3782
3783
3784
3785
3786
3787
3788
3789
3790
3791
3793
3794
3809
3810
3811
3812
3813
3814
3815
3816
3817
3818
3819
3820
3822
3823
3838
3839
3840
3841
3842
3843
3844
3845
3846
3847
3848
3849
3851
3852
3867
3868
3869
3870
3871
3872
3873
3874
3875
3876
3877
3878
3880
3881
3896
3897
3898
3899
3900
3901
3902
3903
3904
3905
3906
3907
3909
3910
3925
3926
3927
3928
3929
3930
3931
3932
3933
3934
3935
3936
3938
3939
3954
3955
3956
3957
3958
3959
3960
3961
3962
3963
3964
3965
3967
3968
3983
3984
3985
3986
3987
3988
3989
3990
3991
3992
3993
3994
3996
3997
4012
4013
4014
4015
4016
4017
4018
4019
4020
4021
4022
4023
4025
4026
4041
4042
4043
4044
4045
4046
4047
4048
4049
4050
4051
4052
4054
4055
4070
4071
4072
4073
4074
4075
4076
4077
4078
4079
4080
4081
4083
4084
4099
4100
4101
4102
4103
4104
4105
4106
4107
4108
4109
4110
4112
4113
4128
4129
4130
4131
4132
4133
4134
4135
4136
4137
4138
4139
4141
4142
4157
4158
4159
4160
4161
4162
4163
4164
4165
4166
4167
4168
4170
4171
4186
4187
4188
4189
4190
4191
4192
4193
4194
4195
4196
4197
4199
4200
4215
4216
4217
4218
4219
4220
4221
4222
4223
4224
4225
4226
4228
4229
4244
4245
4246
4247
4248
4249
4250
4251
4252
4253
4254
4255
4257
4258
4273
4274
4275
4276
4277
4278
4279
4280
4281
4282
4283
4284
4286
4287
4302
4303
4304
4305
4306
4307
4308
4309
4311
5046
5047
5048
5049
5050
5051
5052
5053
5054
5055
5056
5057
5059
5060
5075
5076
5077
5078
5079
5080
5081
5082
5083
5084
5085
5086
5088
5089
5104
5105
5106
5107
5108
5109
5110
5111
5112
5113
5114
5115
5117
5118
5133
5134
5135
5136
5137
5138
5139
5140
5141
5142
5143
5144
5146
5147
5162
5163
5164
5165
5166
5167
5168
5169
5170
5171
5172
5173
5175
5176
5191
5192
5193
5194
5195
5196
5197
5198
5199
5200
5201
5202
5204
5205
5220
5221
5222
5223
5224
5225
5226
5227
5228
5229
5230
5231
5233
5234
5249
5250
5251
5252
5253
5254
5255
5256
5257
5258
5259
5260
5262
5263
5278
5279
5280
5281
5282
5283
5284
5285
5286
5287
5288
5289
5291
5292
5307
5308
5309
5310
5311
5312
5313
5314
5315
5316
5317
5318
5320
5321
5336
5337
5338
5339
5340
5341
5342
5343
5344
5345
5346
5347
5349
5350
5365
5366
5367
5368
5369
5370
5371
5372
5373
5374
5375
5376
5378
5379
5394
5395
5396
5397
5398
5399
5400
5401
5402
5403
5404
5405
5407
5408
5423
5424
5425
5426
5427
5428
5429
5430
5431
5432
5433
5434
5436
5437
5452
5453
5454
5455
5456
5457
5458
5459
5460
5461
5462
5463
5465
5466
5481
5482
5483
5484
5485
5486
5487
5488
5489
5490
5491
5492
5494
5495
5510
5511
5512
5513
5514
5515
5516
5517
5518
5519
5520
5521
5523
5524
5539
5540
5541
5542
5543
5544
5545
5546
5547
5548
5549
5550
5552
5553
5568
5569
5570
5571
5572
5573
5574
5575
5576
5577
5578
5579
5581
5582
5597
5598
5599
5600
5601
5602
5603
5604
5605
5606
5607
5608
5610
5611
5626
5627
5628
5629
5630
5631
5632
5633
5634
5635
5636
5637
5639
5640
5655
5656
5657
5658
5659
5660
5661
5662
5663
5664
5665
5666
5668
5669
5684
5685
5686
5687
5688
5689
5690
5691
5692
5693
5694
5695
5697
5698
5713
5714
5715
5716
5717
5718
5719
5720
5721
5722
5723
5724
5726
5727
5742
5743
5744
5745
5746
5747
5748
5749
5751
6486
6487
6488
6489
6490
6491
6492
6493
6494
6495
6496
6497
6499
6500
6515
6516
6517
6518
6519
6520
6521
6522
6523
6524
6525
6526
6528
6529
6544
6545
6546
6547
6548
6549
6550
6551
6552
6553
6554
6555
6557
6558
6573
6574
6575
6576
6577
6578
6579
6580
6581
6582
6583
6584
6586
6587
6602
6603
6604
6605
6606
6607
6608
6609
6610
6611
6612
6613
6615
6616
6631
6632
6633
6634
6635
6636
6637
6638
6639
6640
6641
6642
6644
6645
6660
6661
6662
6663
6664
6665
6666
6667
6668
6669
6670
6671
6673
6674
6689
6690
6691
6692
6693
6694
6695
6696
6697
6698
6699
6700
6702
6703
6718
6719
6720
6721
6722
6723
6724
6725
6726
6727
6728
6729
6731
6732
6747
6748
6749
6750
6751
6752
6753
6754
6755
6756
6757
6758
6760
6761
6776
6777
6778
6779
6780
6781
6782
6783
6784
6785
6786
6787
6789
6790
6805
6806
6807
6808
6809
6810
6811
6812
6813
6814
6815
6816
6818
6819
6834
6835
6836
6837
6838
6839
6840
6841
6842
6843
6844
6845
6847
6848
6863
6864
6865
6866
6867
6868
6869
6870
6871
6872
6873
6874
6876
6877
6892
6893
6894
6895
6896
6897
6898
6899
6900
6901
6902
6903
6905
6906
6921
6922
6923
6924
6925
6926
6927
6928
6929
6930
6931
6932
6934
6935
6950
6951
6952
6953
6954
6955
6956
6957
6958
6959
6960
6961
6963
6964
6979
6980
6981
6982
6983
6984
6985
6986
6987
6988
6989
6990
6992
6993
7008
7009
7010
7011
7012
7013
7014
7015
7016
7017
7018
7019
7021
7022
7037
7038
7039
7040
7041
7042
7043
7044
7045
7046
7047
7048
7050
7051
7066
7067
7068
7069
7070
7071
7072
7073
7074
7075
7076
7077
7079
7080
7095
7096
7097
7098
7099
7100
7101
7102
7103
7104
7105
7106
7108
7109
7124
7125
7126
7127
7128
7129
7130
7131
7132
7133
7134
7135
7137
7138
7153
7154
7155
7156
7157
7158
7159
7160
7161
7162
7163
7164
7166
7167
7182
7183
7184
7185
7186
7187
7188
7189
7191
7926
7927
7928
7929
7930
7931
7932
7933
7934
7935
7936
7937
7939
7940
7955
7956
7957
7958
7959
7960
7961
7962
7963
7964
7965
7966
7968
7969
7984
7985
7986
7987
7988
7989
7990
7991
7992
7993
7994
7995
7997
7998
8013
8014
8015
8016
8017
8018
8019
8020
8021
8022
8023
8024
8026
8027
8042
8043
8044
8045
8046
8047
8048
8049
8050
8051
8052
8053
8055
8056
8071
8072
8073
8074
8075
8076
8077
8078
8079
8080
8081
8082
8084
8085
8100
8101
8102
8103
8104
8105
8106
8107
8108
8109
8110
8111
8113
8114
8129
8130
8131
8132
8133
8134
8135
8136
8137
8138
8139
8140
8142
8143
8158
8159
8160
8161
8162
8163
8164
8165
8166
8167
8168
8169
8171
8172
8187
8188
8189
8190
8191
8192
8193
8194
8195
8196
8197
8198
8200
8201
8216
8217
8218
8219
8220
8221
8222
8223
8224
8225
8226
8227
8229
8230
8245
8246
8247
8248
8249
8250
8251
8252
8253
8254
8255
8256
8258
8259
8274
8275
8276
8277
8278
8279
8280
8281
8282
8283
8284
8285
8287
8288
8303
8304
8305
8306
8307
8308
8309
8310
8311
8312
8313
8314
8316
8317
8332
8333
8334
8335
8336
8337
8338
8339
8340
8341
8342
8343
8345
8346
8361
8362
8363
8364
8365
8366
8367
8368
8369
8370
8371
8372
8374
8375
8390
8391
8392
8393
8394
8395
8396
8397
8398
8399
8400
8401
8403
8404
8419
8420
8421
8422
8423
8424
8425
8426
8427
8428
8429
8430
8432
8433
8448
8449
8450
8451
8452
8453
8454
8455
8456
8457
8458
8459
8461
8462
8477
8478
8479
8480
8481
8482
8483
8484
8485
8486
8487
8488
8490
8491
8506
8507
8508
8509
8510
8511
8512
8513
8514
8515
8516
8517
8519
8520
8535
8536
8537
8538
8539
8540
8541
8542
8543
8544
8545
8546
8548
8549
8564
8565
8566
8567
8568
8569
8570
8571
8572
8573
8574
8575
8577
8578
8593
8594
8595
8596
8597
8598
8599
8600
8601
8602
8603
8604
8606
8607
8622
8623
8624
8625
8626
8627
8628
8629
8631
9366
9367
9368
9369
9370
9371
9372
9373
9374
9375
9376
9377
9379
9380
9395
9396
9397
9398
9399
9400
9401
9402
9403
9404
9405
9406
9408
9409
9424
9425
9426
9427
9428
9429
9430
9431
9432
9433
9434
9435
9437
9438
9453
9454
9455
9456
9457
9458
9459
9460
9461
9462
9463
9464
9466
9467
9482
9483
9484
9485
9486
9487
9488
9489
9490
9491
9492
9493
9495
9496
9511
9512
9513
9514
9515
9516
9517
9518
9519
9520
9521
9522
9524
9525
9540
9541
9542
9543
9544
9545
9546
9547
9548
9549
9550
9551
9553
9554
9569
9570
9571
9572
9573
9574
9575
9576
9577
9578
9579
9580
9582
9583
9598
9599
9600
9601
9602
9603
9604
9605
9606
9607
9608
9609
9611
9612
9627
9628
9629
9630
9631
9632
9633
9634
9635
9636
9637
9638
9640
9641
9656
9657
9658
9659
9660
9661
9662
9663
9664
9665
9666
9667
9669
9670
9685
9686
9687
9688
9689
9690
9691
9692
9693
9694
9695
9696
9698
9699
9714
9715
9716
9717
9718
9719
9720
9721
9722
9723
9724
9725
9727
9728
9743
9744
9745
9746
9747
9748
9749
9750
9751
9752
9753
9754
9756
9757
9772
9773
9774
9775
9776
9777
9778
9779
9780
9781
9782
9783
9785
9786
9801
9802
9803
9804
9805
9806
9807
9808
9809
9810
9811
9812
9814
9815
9830
9831
9832
9833
9834
9835
9836
9837
9838
9839
9840
9841
9843
9844
9859
9860
9861
9862
9863
9864
9865
9866
9867
9868
9869
9870
9872
9873
9888
9889
9890
9891
9892
9893
9894
9895
9896
9897
9898
9899
9901
9902
9917
9918
9919
9920
9921
9922
9923
9924
9925
9926
9927
9928
9930
9931
9946
9947
9948
9949
9950
9951
9952
9953
9954
9955
9956
9957
9959
9960
9975
9976
9977
9978
9979
9980
9981
9982
9983
9984
9985
9986
9988
9989
10004
10005
10006
10007
10008
10009
10010
10011
10012
10013
10014
10015
10017
10018
10033
10034
10035
10036
10037
10038
10039
10040
10041
10042
10043
10044
10046
10047
10062
10063
10064
10065
10066
10067
10068
10069
10071
10806
10807
10808
10809
10810
10811
10812
10813
10814
10815
10816
10817
10819
10820
10835
10836
10837
10838
10839
10840
10841
10842
10843
10844
10845
10846
10848
10849
10864
10865
10866
10867
10868
10869
10870
10871
10872
10873
10874
10875
10877
10878
10893
10894
10895
10896
10897
10898
10899
10900
10901
10902
10903
10904
10906
10907
10922
10923
10924
10925
10926
10927
10928
10929
10930
10931
10932
10933
10935
10936
10951
10952
10953
10954
10955
10956
10957
10958
10959
10960
10961
10962
10964
10965
10980
10981
10982
10983
10984
10985
10986
10987
10988
10989
10990
10991
10993
10994
11009
11010
11011
11012
11013
11014
11015
11016
11017
11018
11019
11020
11022
11023
11038
11039
11040
11041
11042
11043
11044
11045
11046
11047
11048
11049
11051
11052
11067
11068
11069
11070
11071
11072
11073
11074
11075
11076
11077
11078
11080
11081
11096
11097
11098
11099
11100
11101
11102
11103
11104
11105
11106
11107
11109
11110
11125
11126
11127
11128
11129
11130
11131
11132
11133
11134
11135
11136
11138
11139
11154
11155
11156
11157
11158
11159
11160
11161
11162
11163
11164
11165
11167
11168
11183
11184
11185
11186
11187
11188
11189
11190
11191
11192
11193
11194
11196
11197
11212
11213
11214
11215
11216
11217
11218
11219
11220
11221
11222
11223
11225
11226
11241
11242
11243
11244
11245
11246
11247
11248
11249
11250
11251
11252
11254
11255
11270
11271
11272
11273
11274
11275
11276
11277
11278
11279
11280
11281
11283
11284
11299
11300
11301
11302
11303
11304
11305
11306
11307
11308
11309
11310
11312
11313
11328
11329
11330
11331
11332
11333
11334
11335
11336
11337
11338
11339
11341
11342
11357
11358
11359
11360
11361
11362
11363
11364
11365
11366
11367
11368
11370
11371
11386
11387
11388
11389
11390
11391
11392
11393
11394
11395
11396
11397
11399
11400
11415
11416
11417
11418
11419
11420
11421
11422
11423
11424
11425
11426
11428
11429
11444
11445
11446
11447
11448
11449
11450
11451
11452
11453
11454
11455
11457
11458
11473
11474
11475
11476
11477
11478
11479
11480
11481
11482
11483
11484
11486
11487
11502
11503
11504
11505
11506
11507
11508
11509
11511
12246
12247
12248
12249
12250
12251
12252
12253
12254
12255
12256
12257
12259
12260
12275
12276
12277
12278
12279
12280
12281
12282
12283
12284
12285
12286
12288
12289
12304
12305
12306
12307
12308
12309
12310
12311
12312
12313
12314
12315
12317
12318
12333
12334
12335
12336
12337
12338
12339
12340
12341
12342
12343
12344
12346
12347
12362
12363
12364
12365
12366
12367
12368
12369
12370
12371
12372
12373
12375
12376
12391
12392
12393
12394
12395
12396
12397
12398
12399
12400
12401
12402
12404
12405
12420
12421
12422
12423
12424
12425
12426
12427
12428
12429
12430
12431
12433
12434
12449
12450
12451
12452
12453
12454
12455
12456
12457
12458
12459
12460
12462
12463
12478
12479
12480
12481
12482
12483
12484
12485
12486
12487
12488
12489
12491
12492
12507
12508
12509
12510
12511
12512
12513
12514
12515
12516
12517
12518
12520
12521
12536
12537
12538
12539
12540
12541
12542
12543
12544
12545
12546
12547
12549
12550
12565
12566
12567
12568
12569
12570
12571
12572
12573
12574
12575
12576
12578
12579
12594
12595
12596
12597
12598
12599
12600
12601
12602
12603
12604
12605
12607
12608
12623
12624
12625
12626
12627
12628
12629
12630
12631
12632
12633
12634
12636
12637
12652
12653
12654
12655
12656
12657
12658
12659
12660
12661
12662
12663
12665
12666
12681
12682
12683
12684
12685
12686
12687
12688
12689
12690
12691
12692
12694
12695
12710
12711
12712
12713
12714
12715
12716
12717
12718
12719
12720
12721
12723
12724
12739
12740
12741
12742
12743
12744
12745
12746
12747
12748
12749
12750
12752
12753
12768
12769
12770
12771
12772
12773
12774
12775
12776
12777
12778
12779
12781
12782
12797
12798
12799
12800
12801
12802
12803
12804
12805
12806
12807
12808
12810
12811
12826
12827
12828
12829
12830
12831
12832
12833
12834
12835
12836
12837
12839
12840
12855
12856
12857
12858
12859
12860
12861
12862
12863
12864
12865
12866
12868
12869
12884
12885
12886
12887
12888
12889
12890
12891
12892
12893
12894
12895
12897
12898
12913
12914
12915
12916
12917
12918
12919
12920
12921
12922
12923
12924
12926
12927
12942
12943
12944
12945
12946
12947
12948
12949
12951
13436
13437
13438
13439
13440
13441
13442
13443
13445
13455
13456
13457
13458
13459
13460
13461
13462
13464
13474
13475
13476
13477
13478
13479
13480
13481
13483
13493
13494
13495
13496
13497
13498
13499
13500
13502
13512
13513
13514
13515
13516
13517
13518
13519
13521
13531
13532
13533
13534
13535
13536
13537
13538
13540
13550
13551
13552
13553
13554
13555
13556
13557
13559
13569
13570
13571
13572
13573
13574
13575
13576
13578
13588
13589
13590
13591
13592
13593
13594
13595
13597
13607
13608
13609
13610
13611
13612
13613
13614
13616
13626
13627
13628
13629
13630
13631
13632
13633
13635
13645
13646
13647
13648
13649
13650
13651
13652
13654
13664
13665
13666
13667
13668
13669
13670
13671
13673
13683
13684
13685
13686
13687
13688
13689
13690
13692
13702
13703
13704
13705
13706
13707
13708
13709
13711
13721
13722
13723
13724
13725
13726
13727
13728
13730
13740
13741
13742
13743
13744
13745
13746
13747
13749
13759
13760
13761
13762
13763
13764
13765
13766
13768
13778
13779
13780
13781
13782
13783
13784
13785
13787
13797
13798
13799
13800
13801
13802
13803
13804
13806
13816
13817
13818
13819
13820
13821
13822
13823
13825
13835
13836
13837
13838
13839
13840
13841
13842
13844
13854
13855
13856
13857
13858
13859
13860
13861
13863
13873
13874
13875
13876
13877
13878
13879
13880
13882
13892
13893
13894
13895
13901
13902
13903
13904
13905
13906
13907
13908
13909
13910
13911
13912
13913
13914
13915
13916
13917
13918
13919
13920
13921
13922
13923
13924
13925
13926
13927
13928
13929
13930
13931
13932
13933
13934
13935
13936
13937
13938
13939
13940
13941
13942
13943
13944
13945
13946
13947
13948
13949
13950
15126
15127
15128
15129
15130
15131
15132
15133
15134
15135
15136
15137
15138
15139
15140
15141
15142
15143
15144
15145
15146
15147
15148
15149
15150
15176
15177
15178
15179
15180
15181
15182
15183
15184
15185
15186
15187
15188
15189
15190
15191
15192
15193
15194
15195
15196
15197
15198
15199
15200
15226
15227
15228
15229
15230
15231
15232
15233
15234
15235
15236
15237
15238
15239
15240
15241
15242
15243
15244
15245
15246
15247
15248
15249
15250
15276
15277
15278
15279
15280
15281
15282
15283
15284
15285
15286
15287
15288
15289
15290
15291
15292
15293
15294
15295
15296
15297
15298
15299
15300
15326
15327
15328
15329
15330
15331
15332
15333
15334
15335
15336
15337
15338
15339
15340
15341
15342
15343
15344
15345
15346
15347
15348
15349
15350
15626
15627
15628
15629
15630
15631
15632
15633
15634
15635
15636
15637
15638
15639
15640
15641
15642
15643
15644
15645
15646
15647
15648
15649
15650
15676
15677
15678
15679
15680
15681
15682
15683
15684
15685
15686
15687
15688
15689
15690
15691
15692
15693
15694
15695
15696
15697
15698
15699
15700
15726
15727
15728
15729
15730
15731
15732
15733
15734
15735
15736
15737
15738
15739
15740
15741
15742
15743
15744
15745
15746
15747
15748
15749
15750
15776
15777
15778
15779
15780
15781
15782
15783
15784
15785
15786
15787
15788
15789
15790
15791
15792
15793
15794
15795
15796
15797
15798
15799
15800
15826
15827
15828
15829
15830
15831
15832
15833
15834
15835
15836
15837
15838
15839
15840
15841
15842
15843
15844
15845
15846
15847
15848
15849
15850
-698
-701
-704
-707
-710
-2138
-2141
-2144
-2147
-2150
-3578
-3581
-3584
-3587
-3590
-5018
-5021
-5024
-5027
-5030
-6458
-6461
-6464
-6467
-6470
-7898
-7901
-7904
-7907
-7910
-9338
-9341
-9344
-9347
-9350
-10778
-10781
-10784
-10787
-10790
-12218
-12221
-12224
-12227
-12230
-13418
-13420
-13422
-13424
-13426
738
767
796
825
854
883
912
941
970
999
1028
1057
1086
1115
1144
1173
1202
1231
1260
1289
1318
1347
1376
1405
1430
2178
2207
2236
2265
2294
2323
2352
2381
2410
2439
2468
2497
2526
2555
2584
2613
2642
2671
2700
2729
2758
2787
2816
2845
2870
3618
3647
3676
3705
3734
3763
3792
3821
3850
3879
3908
3937
3966
3995
4024
4053
4082
4111
4140
4169
4198
4227
4256
4285
4310
5058
5087
5116
5145
5174
5203
5232
5261
5290
5319
5348
5377
5406
5435
5464
5493
5522
5551
5580
5609
5638
5667
5696
5725
5750
6498
6527
6556
6585
6614
6643
6672
6701
6730
6759
6788
6817
6846
6875
6904
6933
6962
6991
7020
7049
7078
7107
7136
7165
7190
7938
7967
7996
8025
8054
8083
8112
8141
8170
8199
8228
8257
8286
8315
8344
8373
8402
8431
8460
8489
8518
8547
8576
8605
8630
9378
9407
9436
9465
9494
9523
9552
9581
9610
9639
9668
9697
9726
9755
9784
9813
9842
9871
9900
9929
9958
9987
10016
10045
10070
10818
10847
10876
10905
10934
10963
10992
11021
11050
11079
11108
11137
11166
11195
11224
11253
11282
11311
11340
11369
11398
11427
11456
11485
11510
12258
12287
12316
12345
12374
12403
12432
12461
12490
12519
12548
12577
12606
12635
12664
12693
12722
12751
12780
12809
12838
12867
12896
12925
12950
13444
13463
13482
13501
13520
13539
13558
13577
13596
13615
13634
13653
13672
13691
13710
13729
13748
13767
13786
13805
13824
13843
13862
13881
13896
14126
14127
14128
14129
14130
14131
14132
14133
14134
14135
14136
14137
14138
14139
14140
14141
14142
14143
14144
14145
14146
14147
14148
14149
14150
14176
14177
14178
14179
14180
14181
14182
14183
14184
14185
14186
14187
14188
14189
14190
14191
14192
14193
14194
14195
14196
14197
14198
14199
14200
14226
14227
14228
14229
14230
14231
14232
14233
14234
14235
14236
14237
14238
14239
14240
14241
14242
14243
14244
14245
14246
14247
14248
14249
14250
14276
14277
14278
14279
14280
14281
14282
14283
14284
14285
14286
14287
14288
14289
14290
14291
14292
14293
14294
14295
14296
14297
14298
14299
14300
14326
14327
14328
14329
14330
14331
14332
14333
14334
14335
14336
14337
14338
14339
14340
14341
14342
14343
14344
14345
14346
14347
14348
14349
14350
14376
14377
14378
14379
14380
14381
14382
14383
14384
14385
14386
14387
14388
14389
14390
14391
14392
14393
14394
14395
14396
14397
14398
14399
14400
14426
14427
14428
14429
14430
14431
14432
14433
14434
14435
14436
14437
14438
14439
14440
14441
14442
14443
14444
14445
14446
14447
14448
14449
14450
14476
14477
14478
14479
14480
14481
14482
14483
14484
14485
14486
14487
14488
14489
14490
14491
14492
14493
14494
14495
14496
14497
14498
14499
14500
14526
14527
14528
14529
14530
14531
14532
14533
14534
14535
14536
14537
14538
14539
14540
14541
14542
14543
14544
14545
14546
14547
14548
14549
14550
14576
14577
14578
14579
14580
14581
14582
14583
14584
14585
14586
14587
14588
14589
14590
14591
14592
14593
14594
14595
14596
14597
14598
14599
14600
)


// ************************************************************************* //
