/*--------------------------------*- C++ -*----------------------------------*\
| =========                 |                                                 |
| \\      /  F ield         | OpenFOAM: The Open Source CFD Toolbox           |
|  \\    /   O peration     | Version:  2306                                  |
|   \\  /    A nd           | Website:  www.openfoam.com                      |
|    \\/     M anipulation  |                                                 |
\*---------------------------------------------------------------------------*/
FoamFile
{
    version     2.0;
    format      ascii;
    arch        "LSB;label=32;scalar=64";
    class       faceList;
    location    "constant/polyMesh";
    object      faces;
}
// * * * * * * * * * * * * * * * * * * * * * * * * * * * * * * * * * * * * * //


4175
(
4(1 7 163 157)
4(6 162 163 7)
4(156 157 163 162)
4(2 8 164 158)
4(7 163 164 8)
4(157 158 164 163)
4(3 9 165 159)
4(8 164 165 9)
4(158 159 165 164)
4(4 10 166 160)
4(9 165 166 10)
4(159 160 166 165)
4(10 166 167 11)
4(160 161 167 166)
4(7 13 169 163)
4(12 168 169 13)
4(162 163 169 168)
4(8 14 170 164)
4(13 169 170 14)
4(163 164 170 169)
4(9 15 171 165)
4(14 170 171 15)
4(164 165 171 170)
4(10 16 172 166)
4(15 171 172 16)
4(165 166 172 171)
4(16 172 173 17)
4(166 167 173 172)
4(13 19 175 169)
4(18 174 175 19)
4(168 169 175 174)
4(14 20 176 170)
4(19 175 176 20)
4(169 170 176 175)
4(15 21 177 171)
4(20 176 177 21)
4(170 171 177 176)
4(16 22 178 172)
4(21 177 178 22)
4(171 172 178 177)
4(22 178 179 23)
4(172 173 179 178)
4(19 25 181 175)
4(24 180 181 25)
4(174 175 181 180)
4(20 26 182 176)
4(25 181 182 26)
4(175 176 182 181)
4(21 27 183 177)
4(26 182 183 27)
4(176 177 183 182)
4(22 28 184 178)
4(27 183 184 28)
4(177 178 184 183)
4(28 184 185 29)
4(178 179 185 184)
4(25 31 187 181)
4(30 186 187 31)
4(180 181 187 186)
4(26 32 188 182)
4(31 187 188 32)
4(181 182 188 187)
4(27 33 189 183)
4(32 188 189 33)
4(182 183 189 188)
4(28 34 190 184)
4(33 189 190 34)
4(183 184 190 189)
4(34 190 191 35)
4(184 185 191 190)
4(31 37 193 187)
4(36 192 193 37)
4(186 187 193 192)
4(32 38 194 188)
4(37 193 194 38)
4(187 188 194 193)
4(33 39 195 189)
4(38 194 195 39)
4(188 189 195 194)
4(34 40 196 190)
4(39 195 196 40)
4(189 190 196 195)
4(40 196 197 41)
4(190 191 197 196)
4(37 43 199 193)
4(42 198 199 43)
4(192 193 199 198)
4(38 44 200 194)
4(43 199 200 44)
4(193 194 200 199)
4(39 45 201 195)
4(44 200 201 45)
4(194 195 201 200)
4(40 46 202 196)
4(45 201 202 46)
4(195 196 202 201)
4(46 202 203 47)
4(196 197 203 202)
4(43 49 205 199)
4(48 204 205 49)
4(198 199 205 204)
4(44 50 206 200)
4(49 205 206 50)
4(199 200 206 205)
4(45 51 207 201)
4(50 206 207 51)
4(200 201 207 206)
4(46 52 208 202)
4(51 207 208 52)
4(201 202 208 207)
4(52 208 209 53)
4(202 203 209 208)
4(49 55 211 205)
4(54 210 211 55)
4(204 205 211 210)
4(50 56 212 206)
4(55 211 212 56)
4(205 206 212 211)
4(51 57 213 207)
4(56 212 213 57)
4(206 207 213 212)
4(52 58 214 208)
4(57 213 214 58)
4(207 208 214 213)
4(58 214 215 59)
4(208 209 215 214)
4(55 61 217 211)
4(60 216 217 61)
4(210 211 217 216)
4(56 62 218 212)
4(61 217 218 62)
4(211 212 218 217)
4(57 63 219 213)
4(62 218 219 63)
4(212 213 219 218)
4(58 64 220 214)
4(63 219 220 64)
4(213 214 220 219)
4(64 220 221 65)
4(214 215 221 220)
4(61 67 223 217)
4(66 222 223 67)
4(216 217 223 222)
4(62 68 224 218)
4(67 223 224 68)
4(217 218 224 223)
4(63 69 225 219)
4(68 224 225 69)
4(218 219 225 224)
4(64 70 226 220)
4(69 225 226 70)
4(219 220 226 225)
4(70 226 227 71)
4(220 221 227 226)
4(67 73 229 223)
4(72 228 229 73)
4(222 223 229 228)
4(68 74 230 224)
4(73 229 230 74)
4(223 224 230 229)
4(69 75 231 225)
4(74 230 231 75)
4(224 225 231 230)
4(70 76 232 226)
4(75 231 232 76)
4(225 226 232 231)
4(76 232 233 77)
4(226 227 233 232)
4(73 79 235 229)
4(78 234 235 79)
4(228 229 235 234)
4(74 80 236 230)
4(79 235 236 80)
4(229 230 236 235)
4(75 81 237 231)
4(80 236 237 81)
4(230 231 237 236)
4(76 82 238 232)
4(81 237 238 82)
4(231 232 238 237)
4(82 238 239 83)
4(232 233 239 238)
4(79 85 241 235)
4(84 240 241 85)
4(234 235 241 240)
4(80 86 242 236)
4(85 241 242 86)
4(235 236 242 241)
4(81 87 243 237)
4(86 242 243 87)
4(236 237 243 242)
4(82 88 244 238)
4(87 243 244 88)
4(237 238 244 243)
4(88 244 245 89)
4(238 239 245 244)
4(85 91 247 241)
4(90 246 247 91)
4(240 241 247 246)
4(86 92 248 242)
4(91 247 248 92)
4(241 242 248 247)
4(87 93 249 243)
4(92 248 249 93)
4(242 243 249 248)
4(88 94 250 244)
4(93 249 250 94)
4(243 244 250 249)
4(94 250 251 95)
4(244 245 251 250)
4(91 97 253 247)
4(96 252 253 97)
4(246 247 253 252)
4(92 98 254 248)
4(97 253 254 98)
4(247 248 254 253)
4(93 99 255 249)
4(98 254 255 99)
4(248 249 255 254)
4(94 100 256 250)
4(99 255 256 100)
4(249 250 256 255)
4(100 256 257 101)
4(250 251 257 256)
4(97 103 259 253)
4(102 258 259 103)
4(252 253 259 258)
4(98 104 260 254)
4(103 259 260 104)
4(253 254 260 259)
4(99 105 261 255)
4(104 260 261 105)
4(254 255 261 260)
4(100 106 262 256)
4(105 261 262 106)
4(255 256 262 261)
4(106 262 263 107)
4(256 257 263 262)
4(103 109 265 259)
4(108 264 265 109)
4(258 259 265 264)
4(104 110 266 260)
4(109 265 266 110)
4(259 260 266 265)
4(105 111 267 261)
4(110 266 267 111)
4(260 261 267 266)
4(106 112 268 262)
4(111 267 268 112)
4(261 262 268 267)
4(112 268 269 113)
4(262 263 269 268)
4(109 115 271 265)
4(114 270 271 115)
4(264 265 271 270)
4(110 116 272 266)
4(115 271 272 116)
4(265 266 272 271)
4(111 117 273 267)
4(116 272 273 117)
4(266 267 273 272)
4(112 118 274 268)
4(117 273 274 118)
4(267 268 274 273)
4(118 274 275 119)
4(268 269 275 274)
4(115 121 277 271)
4(120 276 277 121)
4(270 271 277 276)
4(116 122 278 272)
4(121 277 278 122)
4(271 272 278 277)
4(117 123 279 273)
4(122 278 279 123)
4(272 273 279 278)
4(118 124 280 274)
4(123 279 280 124)
4(273 274 280 279)
4(124 280 281 125)
4(274 275 281 280)
4(121 127 283 277)
4(126 282 283 127)
4(276 277 283 282)
4(122 128 284 278)
4(127 283 284 128)
4(277 278 284 283)
4(123 129 285 279)
4(128 284 285 129)
4(278 279 285 284)
4(124 130 286 280)
4(129 285 286 130)
4(279 280 286 285)
4(130 286 287 131)
4(280 281 287 286)
4(127 133 289 283)
4(132 288 289 133)
4(282 283 289 288)
4(128 134 290 284)
4(133 289 290 134)
4(283 284 290 289)
4(129 135 291 285)
4(134 290 291 135)
4(284 285 291 290)
4(130 136 292 286)
4(135 291 292 136)
4(285 286 292 291)
4(136 292 293 137)
4(286 287 293 292)
4(133 139 295 289)
4(138 294 295 139)
4(288 289 295 294)
4(134 140 296 290)
4(139 295 296 140)
4(289 290 296 295)
4(135 141 297 291)
4(140 296 297 141)
4(290 291 297 296)
4(136 142 298 292)
4(141 297 298 142)
4(291 292 298 297)
4(142 298 299 143)
4(292 293 299 298)
4(139 145 301 295)
4(144 300 301 145)
4(294 295 301 300)
4(140 146 302 296)
4(145 301 302 146)
4(295 296 302 301)
4(141 147 303 297)
4(146 302 303 147)
4(296 297 303 302)
4(142 148 304 298)
4(147 303 304 148)
4(297 298 304 303)
4(148 304 305 149)
4(298 299 305 304)
4(145 151 307 301)
4(300 301 307 306)
4(146 152 308 302)
4(301 302 308 307)
4(147 153 309 303)
4(302 303 309 308)
4(148 154 310 304)
4(303 304 310 309)
4(304 305 311 310)
4(157 163 319 313)
4(162 318 319 163)
4(312 313 319 318)
4(158 164 320 314)
4(163 319 320 164)
4(313 314 320 319)
4(159 165 321 315)
4(164 320 321 165)
4(314 315 321 320)
4(160 166 322 316)
4(165 321 322 166)
4(315 316 322 321)
4(166 322 323 167)
4(316 317 323 322)
4(163 169 325 319)
4(168 324 325 169)
4(318 319 325 324)
4(164 170 326 320)
4(169 325 326 170)
4(319 320 326 325)
4(165 171 327 321)
4(170 326 327 171)
4(320 321 327 326)
4(166 172 328 322)
4(171 327 328 172)
4(321 322 328 327)
4(172 328 329 173)
4(322 323 329 328)
4(169 175 331 325)
4(174 330 331 175)
4(324 325 331 330)
4(170 176 332 326)
4(175 331 332 176)
4(325 326 332 331)
4(171 177 333 327)
4(176 332 333 177)
4(326 327 333 332)
4(172 178 334 328)
4(177 333 334 178)
4(327 328 334 333)
4(178 334 335 179)
4(328 329 335 334)
4(175 181 337 331)
4(180 336 337 181)
4(330 331 337 336)
4(176 182 338 332)
4(181 337 338 182)
4(331 332 338 337)
4(177 183 339 333)
4(182 338 339 183)
4(332 333 339 338)
4(178 184 340 334)
4(183 339 340 184)
4(333 334 340 339)
4(184 340 341 185)
4(334 335 341 340)
4(181 187 343 337)
4(186 342 343 187)
4(336 337 343 342)
4(182 188 344 338)
4(187 343 344 188)
4(337 338 344 343)
4(183 189 345 339)
4(188 344 345 189)
4(338 339 345 344)
4(184 190 346 340)
4(189 345 346 190)
4(339 340 346 345)
4(190 346 347 191)
4(340 341 347 346)
4(187 193 349 343)
4(192 348 349 193)
4(342 343 349 348)
4(188 194 350 344)
4(193 349 350 194)
4(343 344 350 349)
4(189 195 351 345)
4(194 350 351 195)
4(344 345 351 350)
4(190 196 352 346)
4(195 351 352 196)
4(345 346 352 351)
4(196 352 353 197)
4(346 347 353 352)
4(193 199 355 349)
4(198 354 355 199)
4(348 349 355 354)
4(194 200 356 350)
4(199 355 356 200)
4(349 350 356 355)
4(195 201 357 351)
4(200 356 357 201)
4(350 351 357 356)
4(196 202 358 352)
4(201 357 358 202)
4(351 352 358 357)
4(202 358 359 203)
4(352 353 359 358)
4(199 205 361 355)
4(204 360 361 205)
4(354 355 361 360)
4(200 206 362 356)
4(205 361 362 206)
4(355 356 362 361)
4(201 207 363 357)
4(206 362 363 207)
4(356 357 363 362)
4(202 208 364 358)
4(207 363 364 208)
4(357 358 364 363)
4(208 364 365 209)
4(358 359 365 364)
4(205 211 367 361)
4(210 366 367 211)
4(360 361 367 366)
4(206 212 368 362)
4(211 367 368 212)
4(361 362 368 367)
4(207 213 369 363)
4(212 368 369 213)
4(362 363 369 368)
4(208 214 370 364)
4(213 369 370 214)
4(363 364 370 369)
4(214 370 371 215)
4(364 365 371 370)
4(211 217 373 367)
4(216 372 373 217)
4(366 367 373 372)
4(212 218 374 368)
4(217 373 374 218)
4(367 368 374 373)
4(213 219 375 369)
4(218 374 375 219)
4(368 369 375 374)
4(214 220 376 370)
4(219 375 376 220)
4(369 370 376 375)
4(220 376 377 221)
4(370 371 377 376)
4(217 223 379 373)
4(222 378 379 223)
4(372 373 379 378)
4(218 224 380 374)
4(223 379 380 224)
4(373 374 380 379)
4(219 225 381 375)
4(224 380 381 225)
4(374 375 381 380)
4(220 226 382 376)
4(225 381 382 226)
4(375 376 382 381)
4(226 382 383 227)
4(376 377 383 382)
4(223 229 385 379)
4(228 384 385 229)
4(378 379 385 384)
4(224 230 386 380)
4(229 385 386 230)
4(379 380 386 385)
4(225 231 387 381)
4(230 386 387 231)
4(380 381 387 386)
4(226 232 388 382)
4(231 387 388 232)
4(381 382 388 387)
4(232 388 389 233)
4(382 383 389 388)
4(229 235 391 385)
4(234 390 391 235)
4(384 385 391 390)
4(230 236 392 386)
4(235 391 392 236)
4(385 386 392 391)
4(231 237 393 387)
4(236 392 393 237)
4(386 387 393 392)
4(232 238 394 388)
4(237 393 394 238)
4(387 388 394 393)
4(238 394 395 239)
4(388 389 395 394)
4(235 241 397 391)
4(240 396 397 241)
4(390 391 397 396)
4(236 242 398 392)
4(241 397 398 242)
4(391 392 398 397)
4(237 243 399 393)
4(242 398 399 243)
4(392 393 399 398)
4(238 244 400 394)
4(243 399 400 244)
4(393 394 400 399)
4(244 400 401 245)
4(394 395 401 400)
4(241 247 403 397)
4(246 402 403 247)
4(396 397 403 402)
4(242 248 404 398)
4(247 403 404 248)
4(397 398 404 403)
4(243 249 405 399)
4(248 404 405 249)
4(398 399 405 404)
4(244 250 406 400)
4(249 405 406 250)
4(399 400 406 405)
4(250 406 407 251)
4(400 401 407 406)
4(247 253 409 403)
4(252 408 409 253)
4(402 403 409 408)
4(248 254 410 404)
4(253 409 410 254)
4(403 404 410 409)
4(249 255 411 405)
4(254 410 411 255)
4(404 405 411 410)
4(250 256 412 406)
4(255 411 412 256)
4(405 406 412 411)
4(256 412 413 257)
4(406 407 413 412)
4(253 259 415 409)
4(258 414 415 259)
4(408 409 415 414)
4(254 260 416 410)
4(259 415 416 260)
4(409 410 416 415)
4(255 261 417 411)
4(260 416 417 261)
4(410 411 417 416)
4(256 262 418 412)
4(261 417 418 262)
4(411 412 418 417)
4(262 418 419 263)
4(412 413 419 418)
4(259 265 421 415)
4(264 420 421 265)
4(414 415 421 420)
4(260 266 422 416)
4(265 421 422 266)
4(415 416 422 421)
4(261 267 423 417)
4(266 422 423 267)
4(416 417 423 422)
4(262 268 424 418)
4(267 423 424 268)
4(417 418 424 423)
4(268 424 425 269)
4(418 419 425 424)
4(265 271 427 421)
4(270 426 427 271)
4(420 421 427 426)
4(266 272 428 422)
4(271 427 428 272)
4(421 422 428 427)
4(267 273 429 423)
4(272 428 429 273)
4(422 423 429 428)
4(268 274 430 424)
4(273 429 430 274)
4(423 424 430 429)
4(274 430 431 275)
4(424 425 431 430)
4(271 277 433 427)
4(276 432 433 277)
4(426 427 433 432)
4(272 278 434 428)
4(277 433 434 278)
4(427 428 434 433)
4(273 279 435 429)
4(278 434 435 279)
4(428 429 435 434)
4(274 280 436 430)
4(279 435 436 280)
4(429 430 436 435)
4(280 436 437 281)
4(430 431 437 436)
4(277 283 439 433)
4(282 438 439 283)
4(432 433 439 438)
4(278 284 440 434)
4(283 439 440 284)
4(433 434 440 439)
4(279 285 441 435)
4(284 440 441 285)
4(434 435 441 440)
4(280 286 442 436)
4(285 441 442 286)
4(435 436 442 441)
4(286 442 443 287)
4(436 437 443 442)
4(283 289 445 439)
4(288 444 445 289)
4(438 439 445 444)
4(284 290 446 440)
4(289 445 446 290)
4(439 440 446 445)
4(285 291 447 441)
4(290 446 447 291)
4(440 441 447 446)
4(286 292 448 442)
4(291 447 448 292)
4(441 442 448 447)
4(292 448 449 293)
4(442 443 449 448)
4(289 295 451 445)
4(294 450 451 295)
4(444 445 451 450)
4(290 296 452 446)
4(295 451 452 296)
4(445 446 452 451)
4(291 297 453 447)
4(296 452 453 297)
4(446 447 453 452)
4(292 298 454 448)
4(297 453 454 298)
4(447 448 454 453)
4(298 454 455 299)
4(448 449 455 454)
4(295 301 457 451)
4(300 456 457 301)
4(450 451 457 456)
4(296 302 458 452)
4(301 457 458 302)
4(451 452 458 457)
4(297 303 459 453)
4(302 458 459 303)
4(452 453 459 458)
4(298 304 460 454)
4(303 459 460 304)
4(453 454 460 459)
4(304 460 461 305)
4(454 455 461 460)
4(301 307 463 457)
4(456 457 463 462)
4(302 308 464 458)
4(457 458 464 463)
4(303 309 465 459)
4(458 459 465 464)
4(304 310 466 460)
4(459 460 466 465)
4(460 461 467 466)
4(313 319 475 469)
4(318 474 475 319)
4(468 469 475 474)
4(314 320 476 470)
4(319 475 476 320)
4(469 470 476 475)
4(315 321 477 471)
4(320 476 477 321)
4(470 471 477 476)
4(316 322 478 472)
4(321 477 478 322)
4(471 472 478 477)
4(322 478 479 323)
4(472 473 479 478)
4(319 325 481 475)
4(324 480 481 325)
4(474 475 481 480)
4(320 326 482 476)
4(325 481 482 326)
4(475 476 482 481)
4(321 327 483 477)
4(326 482 483 327)
4(476 477 483 482)
4(322 328 484 478)
4(327 483 484 328)
4(477 478 484 483)
4(328 484 485 329)
4(478 479 485 484)
4(325 331 487 481)
4(330 486 487 331)
4(480 481 487 486)
4(326 332 488 482)
4(331 487 488 332)
4(481 482 488 487)
4(327 333 489 483)
4(332 488 489 333)
4(482 483 489 488)
4(328 334 490 484)
4(333 489 490 334)
4(483 484 490 489)
4(334 490 491 335)
4(484 485 491 490)
4(331 337 493 487)
4(336 492 493 337)
4(486 487 493 492)
4(332 338 494 488)
4(337 493 494 338)
4(487 488 494 493)
4(333 339 495 489)
4(338 494 495 339)
4(488 489 495 494)
4(334 340 496 490)
4(339 495 496 340)
4(489 490 496 495)
4(340 496 497 341)
4(490 491 497 496)
4(337 343 499 493)
4(342 498 499 343)
4(492 493 499 498)
4(338 344 500 494)
4(343 499 500 344)
4(493 494 500 499)
4(339 345 501 495)
4(344 500 501 345)
4(494 495 501 500)
4(340 346 502 496)
4(345 501 502 346)
4(495 496 502 501)
4(346 502 503 347)
4(496 497 503 502)
4(343 349 505 499)
4(348 504 505 349)
4(498 499 505 504)
4(344 350 506 500)
4(349 505 506 350)
4(499 500 506 505)
4(345 351 507 501)
4(350 506 507 351)
4(500 501 507 506)
4(346 352 508 502)
4(351 507 508 352)
4(501 502 508 507)
4(352 508 509 353)
4(502 503 509 508)
4(349 355 511 505)
4(354 510 511 355)
4(504 505 511 510)
4(350 356 512 506)
4(355 511 512 356)
4(505 506 512 511)
4(351 357 513 507)
4(356 512 513 357)
4(506 507 513 512)
4(352 358 514 508)
4(357 513 514 358)
4(507 508 514 513)
4(358 514 515 359)
4(508 509 515 514)
4(355 361 517 511)
4(360 516 517 361)
4(510 511 517 516)
4(356 362 518 512)
4(361 517 518 362)
4(511 512 518 517)
4(357 363 519 513)
4(362 518 519 363)
4(512 513 519 518)
4(358 364 520 514)
4(363 519 520 364)
4(513 514 520 519)
4(364 520 521 365)
4(514 515 521 520)
4(361 367 523 517)
4(366 522 523 367)
4(516 517 523 522)
4(362 368 524 518)
4(367 523 524 368)
4(517 518 524 523)
4(363 369 525 519)
4(368 524 525 369)
4(518 519 525 524)
4(364 370 526 520)
4(369 525 526 370)
4(519 520 526 525)
4(370 526 527 371)
4(520 521 527 526)
4(367 373 529 523)
4(372 528 529 373)
4(522 523 529 528)
4(368 374 530 524)
4(373 529 530 374)
4(523 524 530 529)
4(369 375 531 525)
4(374 530 531 375)
4(524 525 531 530)
4(370 376 532 526)
4(375 531 532 376)
4(525 526 532 531)
4(376 532 533 377)
4(526 527 533 532)
4(373 379 535 529)
4(378 534 535 379)
4(528 529 535 534)
4(374 380 536 530)
4(379 535 536 380)
4(529 530 536 535)
4(375 381 537 531)
4(380 536 537 381)
4(530 531 537 536)
4(376 382 538 532)
4(381 537 538 382)
4(531 532 538 537)
4(382 538 539 383)
4(532 533 539 538)
4(379 385 541 535)
4(384 540 541 385)
4(534 535 541 540)
4(380 386 542 536)
4(385 541 542 386)
4(535 536 542 541)
4(381 387 543 537)
4(386 542 543 387)
4(536 537 543 542)
4(382 388 544 538)
4(387 543 544 388)
4(537 538 544 543)
4(388 544 545 389)
4(538 539 545 544)
4(385 391 547 541)
4(390 546 547 391)
4(540 541 547 546)
4(386 392 548 542)
4(391 547 548 392)
4(541 542 548 547)
4(387 393 549 543)
4(392 548 549 393)
4(542 543 549 548)
4(388 394 550 544)
4(393 549 550 394)
4(543 544 550 549)
4(394 550 551 395)
4(544 545 551 550)
4(391 397 553 547)
4(396 552 553 397)
4(546 547 553 552)
4(392 398 554 548)
4(397 553 554 398)
4(547 548 554 553)
4(393 399 555 549)
4(398 554 555 399)
4(548 549 555 554)
4(394 400 556 550)
4(399 555 556 400)
4(549 550 556 555)
4(400 556 557 401)
4(550 551 557 556)
4(397 403 559 553)
4(402 558 559 403)
4(552 553 559 558)
4(398 404 560 554)
4(403 559 560 404)
4(553 554 560 559)
4(399 405 561 555)
4(404 560 561 405)
4(554 555 561 560)
4(400 406 562 556)
4(405 561 562 406)
4(555 556 562 561)
4(406 562 563 407)
4(556 557 563 562)
4(403 409 565 559)
4(408 564 565 409)
4(558 559 565 564)
4(404 410 566 560)
4(409 565 566 410)
4(559 560 566 565)
4(405 411 567 561)
4(410 566 567 411)
4(560 561 567 566)
4(406 412 568 562)
4(411 567 568 412)
4(561 562 568 567)
4(412 568 569 413)
4(562 563 569 568)
4(409 415 571 565)
4(414 570 571 415)
4(564 565 571 570)
4(410 416 572 566)
4(415 571 572 416)
4(565 566 572 571)
4(411 417 573 567)
4(416 572 573 417)
4(566 567 573 572)
4(412 418 574 568)
4(417 573 574 418)
4(567 568 574 573)
4(418 574 575 419)
4(568 569 575 574)
4(415 421 577 571)
4(420 576 577 421)
4(570 571 577 576)
4(416 422 578 572)
4(421 577 578 422)
4(571 572 578 577)
4(417 423 579 573)
4(422 578 579 423)
4(572 573 579 578)
4(418 424 580 574)
4(423 579 580 424)
4(573 574 580 579)
4(424 580 581 425)
4(574 575 581 580)
4(421 427 583 577)
4(426 582 583 427)
4(576 577 583 582)
4(422 428 584 578)
4(427 583 584 428)
4(577 578 584 583)
4(423 429 585 579)
4(428 584 585 429)
4(578 579 585 584)
4(424 430 586 580)
4(429 585 586 430)
4(579 580 586 585)
4(430 586 587 431)
4(580 581 587 586)
4(427 433 589 583)
4(432 588 589 433)
4(582 583 589 588)
4(428 434 590 584)
4(433 589 590 434)
4(583 584 590 589)
4(429 435 591 585)
4(434 590 591 435)
4(584 585 591 590)
4(430 436 592 586)
4(435 591 592 436)
4(585 586 592 591)
4(436 592 593 437)
4(586 587 593 592)
4(433 439 595 589)
4(438 594 595 439)
4(588 589 595 594)
4(434 440 596 590)
4(439 595 596 440)
4(589 590 596 595)
4(435 441 597 591)
4(440 596 597 441)
4(590 591 597 596)
4(436 442 598 592)
4(441 597 598 442)
4(591 592 598 597)
4(442 598 599 443)
4(592 593 599 598)
4(439 445 601 595)
4(444 600 601 445)
4(594 595 601 600)
4(440 446 602 596)
4(445 601 602 446)
4(595 596 602 601)
4(441 447 603 597)
4(446 602 603 447)
4(596 597 603 602)
4(442 448 604 598)
4(447 603 604 448)
4(597 598 604 603)
4(448 604 605 449)
4(598 599 605 604)
4(445 451 607 601)
4(450 606 607 451)
4(600 601 607 606)
4(446 452 608 602)
4(451 607 608 452)
4(601 602 608 607)
4(447 453 609 603)
4(452 608 609 453)
4(602 603 609 608)
4(448 454 610 604)
4(453 609 610 454)
4(603 604 610 609)
4(454 610 611 455)
4(604 605 611 610)
4(451 457 613 607)
4(456 612 613 457)
4(606 607 613 612)
4(452 458 614 608)
4(457 613 614 458)
4(607 608 614 613)
4(453 459 615 609)
4(458 614 615 459)
4(608 609 615 614)
4(454 460 616 610)
4(459 615 616 460)
4(609 610 616 615)
4(460 616 617 461)
4(610 611 617 616)
4(457 463 619 613)
4(612 613 619 618)
4(458 464 620 614)
4(613 614 620 619)
4(459 465 621 615)
4(614 615 621 620)
4(460 466 622 616)
4(615 616 622 621)
4(616 617 623 622)
4(469 475 631 625)
4(474 630 631 475)
4(624 625 631 630)
4(470 476 632 626)
4(475 631 632 476)
4(625 626 632 631)
4(471 477 633 627)
4(476 632 633 477)
4(626 627 633 632)
4(472 478 634 628)
4(477 633 634 478)
4(627 628 634 633)
4(478 634 635 479)
4(628 629 635 634)
4(475 481 637 631)
4(480 636 637 481)
4(630 631 637 636)
4(476 482 638 632)
4(481 637 638 482)
4(631 632 638 637)
4(477 483 639 633)
4(482 638 639 483)
4(632 633 639 638)
4(478 484 640 634)
4(483 639 640 484)
4(633 634 640 639)
4(484 640 641 485)
4(634 635 641 640)
4(481 487 643 637)
4(486 642 643 487)
4(636 637 643 642)
4(482 488 644 638)
4(487 643 644 488)
4(637 638 644 643)
4(483 489 645 639)
4(488 644 645 489)
4(638 639 645 644)
4(484 490 646 640)
4(489 645 646 490)
4(639 640 646 645)
4(490 646 647 491)
4(640 641 647 646)
4(487 493 649 643)
4(492 648 649 493)
4(642 643 649 648)
4(488 494 650 644)
4(493 649 650 494)
4(643 644 650 649)
4(489 495 651 645)
4(494 650 651 495)
4(644 645 651 650)
4(490 496 652 646)
4(495 651 652 496)
4(645 646 652 651)
4(496 652 653 497)
4(646 647 653 652)
4(493 499 655 649)
4(498 654 655 499)
4(648 649 655 654)
4(494 500 656 650)
4(499 655 656 500)
4(649 650 656 655)
4(495 501 657 651)
4(500 656 657 501)
4(650 651 657 656)
4(496 502 658 652)
4(501 657 658 502)
4(651 652 658 657)
4(502 658 659 503)
4(652 653 659 658)
4(499 505 661 655)
4(504 660 661 505)
4(654 655 661 660)
4(500 506 662 656)
4(505 661 662 506)
4(655 656 662 661)
4(501 507 663 657)
4(506 662 663 507)
4(656 657 663 662)
4(502 508 664 658)
4(507 663 664 508)
4(657 658 664 663)
4(508 664 665 509)
4(658 659 665 664)
4(505 511 667 661)
4(510 666 667 511)
4(660 661 667 666)
4(506 512 668 662)
4(511 667 668 512)
4(661 662 668 667)
4(507 513 669 663)
4(512 668 669 513)
4(662 663 669 668)
4(508 514 670 664)
4(513 669 670 514)
4(663 664 670 669)
4(514 670 671 515)
4(664 665 671 670)
4(511 517 673 667)
4(516 672 673 517)
4(666 667 673 672)
4(512 518 674 668)
4(517 673 674 518)
4(667 668 674 673)
4(513 519 675 669)
4(518 674 675 519)
4(668 669 675 674)
4(514 520 676 670)
4(519 675 676 520)
4(669 670 676 675)
4(520 676 677 521)
4(670 671 677 676)
4(517 523 679 673)
4(522 678 679 523)
4(672 673 679 678)
4(518 524 680 674)
4(523 679 680 524)
4(673 674 680 679)
4(519 525 681 675)
4(524 680 681 525)
4(674 675 681 680)
4(520 526 682 676)
4(525 681 682 526)
4(675 676 682 681)
4(526 682 683 527)
4(676 677 683 682)
4(523 529 685 679)
4(528 684 685 529)
4(678 679 685 684)
4(524 530 686 680)
4(529 685 686 530)
4(679 680 686 685)
4(525 531 687 681)
4(530 686 687 531)
4(680 681 687 686)
4(526 532 688 682)
4(531 687 688 532)
4(681 682 688 687)
4(532 688 689 533)
4(682 683 689 688)
4(529 535 691 685)
4(534 690 691 535)
4(684 685 691 690)
4(530 536 692 686)
4(535 691 692 536)
4(685 686 692 691)
4(531 537 693 687)
4(536 692 693 537)
4(686 687 693 692)
4(532 538 694 688)
4(537 693 694 538)
4(687 688 694 693)
4(538 694 695 539)
4(688 689 695 694)
4(535 541 697 691)
4(540 696 697 541)
4(690 691 697 696)
4(536 542 698 692)
4(541 697 698 542)
4(691 692 698 697)
4(537 543 699 693)
4(542 698 699 543)
4(692 693 699 698)
4(538 544 700 694)
4(543 699 700 544)
4(693 694 700 699)
4(544 700 701 545)
4(694 695 701 700)
4(541 547 703 697)
4(546 702 703 547)
4(696 697 703 702)
4(542 548 704 698)
4(547 703 704 548)
4(697 698 704 703)
4(543 549 705 699)
4(548 704 705 549)
4(698 699 705 704)
4(544 550 706 700)
4(549 705 706 550)
4(699 700 706 705)
4(550 706 707 551)
4(700 701 707 706)
4(547 553 709 703)
4(552 708 709 553)
4(702 703 709 708)
4(548 554 710 704)
4(553 709 710 554)
4(703 704 710 709)
4(549 555 711 705)
4(554 710 711 555)
4(704 705 711 710)
4(550 556 712 706)
4(555 711 712 556)
4(705 706 712 711)
4(556 712 713 557)
4(706 707 713 712)
4(553 559 715 709)
4(558 714 715 559)
4(708 709 715 714)
4(554 560 716 710)
4(559 715 716 560)
4(709 710 716 715)
4(555 561 717 711)
4(560 716 717 561)
4(710 711 717 716)
4(556 562 718 712)
4(561 717 718 562)
4(711 712 718 717)
4(562 718 719 563)
4(712 713 719 718)
4(559 565 721 715)
4(564 720 721 565)
4(714 715 721 720)
4(560 566 722 716)
4(565 721 722 566)
4(715 716 722 721)
4(561 567 723 717)
4(566 722 723 567)
4(716 717 723 722)
4(562 568 724 718)
4(567 723 724 568)
4(717 718 724 723)
4(568 724 725 569)
4(718 719 725 724)
4(565 571 727 721)
4(570 726 727 571)
4(720 721 727 726)
4(566 572 728 722)
4(571 727 728 572)
4(721 722 728 727)
4(567 573 729 723)
4(572 728 729 573)
4(722 723 729 728)
4(568 574 730 724)
4(573 729 730 574)
4(723 724 730 729)
4(574 730 731 575)
4(724 725 731 730)
4(571 577 733 727)
4(576 732 733 577)
4(726 727 733 732)
4(572 578 734 728)
4(577 733 734 578)
4(727 728 734 733)
4(573 579 735 729)
4(578 734 735 579)
4(728 729 735 734)
4(574 580 736 730)
4(579 735 736 580)
4(729 730 736 735)
4(580 736 737 581)
4(730 731 737 736)
4(577 583 739 733)
4(582 738 739 583)
4(732 733 739 738)
4(578 584 740 734)
4(583 739 740 584)
4(733 734 740 739)
4(579 585 741 735)
4(584 740 741 585)
4(734 735 741 740)
4(580 586 742 736)
4(585 741 742 586)
4(735 736 742 741)
4(586 742 743 587)
4(736 737 743 742)
4(583 589 745 739)
4(588 744 745 589)
4(738 739 745 744)
4(584 590 746 740)
4(589 745 746 590)
4(739 740 746 745)
4(585 591 747 741)
4(590 746 747 591)
4(740 741 747 746)
4(586 592 748 742)
4(591 747 748 592)
4(741 742 748 747)
4(592 748 749 593)
4(742 743 749 748)
4(589 595 751 745)
4(594 750 751 595)
4(744 745 751 750)
4(590 596 752 746)
4(595 751 752 596)
4(745 746 752 751)
4(591 597 753 747)
4(596 752 753 597)
4(746 747 753 752)
4(592 598 754 748)
4(597 753 754 598)
4(747 748 754 753)
4(598 754 755 599)
4(748 749 755 754)
4(595 601 757 751)
4(600 756 757 601)
4(750 751 757 756)
4(596 602 758 752)
4(601 757 758 602)
4(751 752 758 757)
4(597 603 759 753)
4(602 758 759 603)
4(752 753 759 758)
4(598 604 760 754)
4(603 759 760 604)
4(753 754 760 759)
4(604 760 761 605)
4(754 755 761 760)
4(601 607 763 757)
4(606 762 763 607)
4(756 757 763 762)
4(602 608 764 758)
4(607 763 764 608)
4(757 758 764 763)
4(603 609 765 759)
4(608 764 765 609)
4(758 759 765 764)
4(604 610 766 760)
4(609 765 766 610)
4(759 760 766 765)
4(610 766 767 611)
4(760 761 767 766)
4(607 613 769 763)
4(612 768 769 613)
4(762 763 769 768)
4(608 614 770 764)
4(613 769 770 614)
4(763 764 770 769)
4(609 615 771 765)
4(614 770 771 615)
4(764 765 771 770)
4(610 616 772 766)
4(615 771 772 616)
4(765 766 772 771)
4(616 772 773 617)
4(766 767 773 772)
4(613 619 775 769)
4(768 769 775 774)
4(614 620 776 770)
4(769 770 776 775)
4(615 621 777 771)
4(770 771 777 776)
4(616 622 778 772)
4(771 772 778 777)
4(772 773 779 778)
4(625 631 787 781)
4(630 786 787 631)
4(780 781 787 786)
4(626 632 788 782)
4(631 787 788 632)
4(781 782 788 787)
4(627 633 789 783)
4(632 788 789 633)
4(782 783 789 788)
4(628 634 790 784)
4(633 789 790 634)
4(783 784 790 789)
4(634 790 791 635)
4(784 785 791 790)
4(631 637 793 787)
4(636 792 793 637)
4(786 787 793 792)
4(632 638 794 788)
4(637 793 794 638)
4(787 788 794 793)
4(633 639 795 789)
4(638 794 795 639)
4(788 789 795 794)
4(634 640 796 790)
4(639 795 796 640)
4(789 790 796 795)
4(640 796 797 641)
4(790 791 797 796)
4(637 643 799 793)
4(642 798 799 643)
4(792 793 799 798)
4(638 644 800 794)
4(643 799 800 644)
4(793 794 800 799)
4(639 645 801 795)
4(644 800 801 645)
4(794 795 801 800)
4(640 646 802 796)
4(645 801 802 646)
4(795 796 802 801)
4(646 802 803 647)
4(796 797 803 802)
4(643 649 805 799)
4(648 804 805 649)
4(798 799 805 804)
4(644 650 806 800)
4(649 805 806 650)
4(799 800 806 805)
4(645 651 807 801)
4(650 806 807 651)
4(800 801 807 806)
4(646 652 808 802)
4(651 807 808 652)
4(801 802 808 807)
4(652 808 809 653)
4(802 803 809 808)
4(649 655 811 805)
4(654 810 811 655)
4(804 805 811 810)
4(650 656 812 806)
4(655 811 812 656)
4(805 806 812 811)
4(651 657 813 807)
4(656 812 813 657)
4(806 807 813 812)
4(652 658 814 808)
4(657 813 814 658)
4(807 808 814 813)
4(658 814 815 659)
4(808 809 815 814)
4(655 661 817 811)
4(660 816 817 661)
4(810 811 817 816)
4(656 662 818 812)
4(661 817 818 662)
4(811 812 818 817)
4(657 663 819 813)
4(662 818 819 663)
4(812 813 819 818)
4(658 664 820 814)
4(663 819 820 664)
4(813 814 820 819)
4(664 820 821 665)
4(814 815 821 820)
4(661 667 823 817)
4(666 822 823 667)
4(816 817 823 822)
4(662 668 824 818)
4(667 823 824 668)
4(817 818 824 823)
4(663 669 825 819)
4(668 824 825 669)
4(818 819 825 824)
4(664 670 826 820)
4(669 825 826 670)
4(819 820 826 825)
4(670 826 827 671)
4(820 821 827 826)
4(667 673 829 823)
4(672 828 829 673)
4(822 823 829 828)
4(668 674 830 824)
4(673 829 830 674)
4(823 824 830 829)
4(669 675 831 825)
4(674 830 831 675)
4(824 825 831 830)
4(670 676 832 826)
4(675 831 832 676)
4(825 826 832 831)
4(676 832 833 677)
4(826 827 833 832)
4(673 679 835 829)
4(678 834 835 679)
4(828 829 835 834)
4(674 680 836 830)
4(679 835 836 680)
4(829 830 836 835)
4(675 681 837 831)
4(680 836 837 681)
4(830 831 837 836)
4(676 682 838 832)
4(681 837 838 682)
4(831 832 838 837)
4(682 838 839 683)
4(832 833 839 838)
4(679 685 841 835)
4(684 840 841 685)
4(834 835 841 840)
4(680 686 842 836)
4(685 841 842 686)
4(835 836 842 841)
4(681 687 843 837)
4(686 842 843 687)
4(836 837 843 842)
4(682 688 844 838)
4(687 843 844 688)
4(837 838 844 843)
4(688 844 845 689)
4(838 839 845 844)
4(685 691 847 841)
4(690 846 847 691)
4(840 841 847 846)
4(686 692 848 842)
4(691 847 848 692)
4(841 842 848 847)
4(687 693 849 843)
4(692 848 849 693)
4(842 843 849 848)
4(688 694 850 844)
4(693 849 850 694)
4(843 844 850 849)
4(694 850 851 695)
4(844 845 851 850)
4(691 697 853 847)
4(696 852 853 697)
4(846 847 853 852)
4(692 698 854 848)
4(697 853 854 698)
4(847 848 854 853)
4(693 699 855 849)
4(698 854 855 699)
4(848 849 855 854)
4(694 700 856 850)
4(699 855 856 700)
4(849 850 856 855)
4(700 856 857 701)
4(850 851 857 856)
4(697 703 859 853)
4(702 858 859 703)
4(852 853 859 858)
4(698 704 860 854)
4(703 859 860 704)
4(853 854 860 859)
4(699 705 861 855)
4(704 860 861 705)
4(854 855 861 860)
4(700 706 862 856)
4(705 861 862 706)
4(855 856 862 861)
4(706 862 863 707)
4(856 857 863 862)
4(703 709 865 859)
4(708 864 865 709)
4(858 859 865 864)
4(704 710 866 860)
4(709 865 866 710)
4(859 860 866 865)
4(705 711 867 861)
4(710 866 867 711)
4(860 861 867 866)
4(706 712 868 862)
4(711 867 868 712)
4(861 862 868 867)
4(712 868 869 713)
4(862 863 869 868)
4(709 715 871 865)
4(714 870 871 715)
4(864 865 871 870)
4(710 716 872 866)
4(715 871 872 716)
4(865 866 872 871)
4(711 717 873 867)
4(716 872 873 717)
4(866 867 873 872)
4(712 718 874 868)
4(717 873 874 718)
4(867 868 874 873)
4(718 874 875 719)
4(868 869 875 874)
4(715 721 877 871)
4(720 876 877 721)
4(870 871 877 876)
4(716 722 878 872)
4(721 877 878 722)
4(871 872 878 877)
4(717 723 879 873)
4(722 878 879 723)
4(872 873 879 878)
4(718 724 880 874)
4(723 879 880 724)
4(873 874 880 879)
4(724 880 881 725)
4(874 875 881 880)
4(721 727 883 877)
4(726 882 883 727)
4(876 877 883 882)
4(722 728 884 878)
4(727 883 884 728)
4(877 878 884 883)
4(723 729 885 879)
4(728 884 885 729)
4(878 879 885 884)
4(724 730 886 880)
4(729 885 886 730)
4(879 880 886 885)
4(730 886 887 731)
4(880 881 887 886)
4(727 733 889 883)
4(732 888 889 733)
4(882 883 889 888)
4(728 734 890 884)
4(733 889 890 734)
4(883 884 890 889)
4(729 735 891 885)
4(734 890 891 735)
4(884 885 891 890)
4(730 736 892 886)
4(735 891 892 736)
4(885 886 892 891)
4(736 892 893 737)
4(886 887 893 892)
4(733 739 895 889)
4(738 894 895 739)
4(888 889 895 894)
4(734 740 896 890)
4(739 895 896 740)
4(889 890 896 895)
4(735 741 897 891)
4(740 896 897 741)
4(890 891 897 896)
4(736 742 898 892)
4(741 897 898 742)
4(891 892 898 897)
4(742 898 899 743)
4(892 893 899 898)
4(739 745 901 895)
4(744 900 901 745)
4(894 895 901 900)
4(740 746 902 896)
4(745 901 902 746)
4(895 896 902 901)
4(741 747 903 897)
4(746 902 903 747)
4(896 897 903 902)
4(742 748 904 898)
4(747 903 904 748)
4(897 898 904 903)
4(748 904 905 749)
4(898 899 905 904)
4(745 751 907 901)
4(750 906 907 751)
4(900 901 907 906)
4(746 752 908 902)
4(751 907 908 752)
4(901 902 908 907)
4(747 753 909 903)
4(752 908 909 753)
4(902 903 909 908)
4(748 754 910 904)
4(753 909 910 754)
4(903 904 910 909)
4(754 910 911 755)
4(904 905 911 910)
4(751 757 913 907)
4(756 912 913 757)
4(906 907 913 912)
4(752 758 914 908)
4(757 913 914 758)
4(907 908 914 913)
4(753 759 915 909)
4(758 914 915 759)
4(908 909 915 914)
4(754 760 916 910)
4(759 915 916 760)
4(909 910 916 915)
4(760 916 917 761)
4(910 911 917 916)
4(757 763 919 913)
4(762 918 919 763)
4(912 913 919 918)
4(758 764 920 914)
4(763 919 920 764)
4(913 914 920 919)
4(759 765 921 915)
4(764 920 921 765)
4(914 915 921 920)
4(760 766 922 916)
4(765 921 922 766)
4(915 916 922 921)
4(766 922 923 767)
4(916 917 923 922)
4(763 769 925 919)
4(768 924 925 769)
4(918 919 925 924)
4(764 770 926 920)
4(769 925 926 770)
4(919 920 926 925)
4(765 771 927 921)
4(770 926 927 771)
4(920 921 927 926)
4(766 772 928 922)
4(771 927 928 772)
4(921 922 928 927)
4(772 928 929 773)
4(922 923 929 928)
4(769 775 931 925)
4(924 925 931 930)
4(770 776 932 926)
4(925 926 932 931)
4(771 777 933 927)
4(926 927 933 932)
4(772 778 934 928)
4(927 928 934 933)
4(928 929 935 934)
4(781 787 943 937)
4(786 942 943 787)
4(936 937 943 942)
4(782 788 944 938)
4(787 943 944 788)
4(937 938 944 943)
4(783 789 945 939)
4(788 944 945 789)
4(938 939 945 944)
4(784 790 946 940)
4(789 945 946 790)
4(939 940 946 945)
4(790 946 947 791)
4(940 941 947 946)
4(787 793 949 943)
4(792 948 949 793)
4(942 943 949 948)
4(788 794 950 944)
4(793 949 950 794)
4(943 944 950 949)
4(789 795 951 945)
4(794 950 951 795)
4(944 945 951 950)
4(790 796 952 946)
4(795 951 952 796)
4(945 946 952 951)
4(796 952 953 797)
4(946 947 953 952)
4(793 799 955 949)
4(798 954 955 799)
4(948 949 955 954)
4(794 800 956 950)
4(799 955 956 800)
4(949 950 956 955)
4(795 801 957 951)
4(800 956 957 801)
4(950 951 957 956)
4(796 802 958 952)
4(801 957 958 802)
4(951 952 958 957)
4(802 958 959 803)
4(952 953 959 958)
4(799 805 961 955)
4(804 960 961 805)
4(954 955 961 960)
4(800 806 962 956)
4(805 961 962 806)
4(955 956 962 961)
4(801 807 963 957)
4(806 962 963 807)
4(956 957 963 962)
4(802 808 964 958)
4(807 963 964 808)
4(957 958 964 963)
4(808 964 965 809)
4(958 959 965 964)
4(805 811 967 961)
4(810 966 967 811)
4(960 961 967 966)
4(806 812 968 962)
4(811 967 968 812)
4(961 962 968 967)
4(807 813 969 963)
4(812 968 969 813)
4(962 963 969 968)
4(808 814 970 964)
4(813 969 970 814)
4(963 964 970 969)
4(814 970 971 815)
4(964 965 971 970)
4(811 817 973 967)
4(816 972 973 817)
4(966 967 973 972)
4(812 818 974 968)
4(817 973 974 818)
4(967 968 974 973)
4(813 819 975 969)
4(818 974 975 819)
4(968 969 975 974)
4(814 820 976 970)
4(819 975 976 820)
4(969 970 976 975)
4(820 976 977 821)
4(970 971 977 976)
4(817 823 979 973)
4(822 978 979 823)
4(972 973 979 978)
4(818 824 980 974)
4(823 979 980 824)
4(973 974 980 979)
4(819 825 981 975)
4(824 980 981 825)
4(974 975 981 980)
4(820 826 982 976)
4(825 981 982 826)
4(975 976 982 981)
4(826 982 983 827)
4(976 977 983 982)
4(823 829 985 979)
4(828 984 985 829)
4(978 979 985 984)
4(824 830 986 980)
4(829 985 986 830)
4(979 980 986 985)
4(825 831 987 981)
4(830 986 987 831)
4(980 981 987 986)
4(826 832 988 982)
4(831 987 988 832)
4(981 982 988 987)
4(832 988 989 833)
4(982 983 989 988)
4(829 835 991 985)
4(834 990 991 835)
4(984 985 991 990)
4(830 836 992 986)
4(835 991 992 836)
4(985 986 992 991)
4(831 837 993 987)
4(836 992 993 837)
4(986 987 993 992)
4(832 838 994 988)
4(837 993 994 838)
4(987 988 994 993)
4(838 994 995 839)
4(988 989 995 994)
4(835 841 997 991)
4(840 996 997 841)
4(990 991 997 996)
4(836 842 998 992)
4(841 997 998 842)
4(991 992 998 997)
4(837 843 999 993)
4(842 998 999 843)
4(992 993 999 998)
4(838 844 1000 994)
4(843 999 1000 844)
4(993 994 1000 999)
4(844 1000 1001 845)
4(994 995 1001 1000)
4(841 847 1003 997)
4(846 1002 1003 847)
4(996 997 1003 1002)
4(842 848 1004 998)
4(847 1003 1004 848)
4(997 998 1004 1003)
4(843 849 1005 999)
4(848 1004 1005 849)
4(998 999 1005 1004)
4(844 850 1006 1000)
4(849 1005 1006 850)
4(999 1000 1006 1005)
4(850 1006 1007 851)
4(1000 1001 1007 1006)
4(847 853 1009 1003)
4(852 1008 1009 853)
4(1002 1003 1009 1008)
4(848 854 1010 1004)
4(853 1009 1010 854)
4(1003 1004 1010 1009)
4(849 855 1011 1005)
4(854 1010 1011 855)
4(1004 1005 1011 1010)
4(850 856 1012 1006)
4(855 1011 1012 856)
4(1005 1006 1012 1011)
4(856 1012 1013 857)
4(1006 1007 1013 1012)
4(853 859 1015 1009)
4(858 1014 1015 859)
4(1008 1009 1015 1014)
4(854 860 1016 1010)
4(859 1015 1016 860)
4(1009 1010 1016 1015)
4(855 861 1017 1011)
4(860 1016 1017 861)
4(1010 1011 1017 1016)
4(856 862 1018 1012)
4(861 1017 1018 862)
4(1011 1012 1018 1017)
4(862 1018 1019 863)
4(1012 1013 1019 1018)
4(859 865 1021 1015)
4(864 1020 1021 865)
4(1014 1015 1021 1020)
4(860 866 1022 1016)
4(865 1021 1022 866)
4(1015 1016 1022 1021)
4(861 867 1023 1017)
4(866 1022 1023 867)
4(1016 1017 1023 1022)
4(862 868 1024 1018)
4(867 1023 1024 868)
4(1017 1018 1024 1023)
4(868 1024 1025 869)
4(1018 1019 1025 1024)
4(865 871 1027 1021)
4(870 1026 1027 871)
4(1020 1021 1027 1026)
4(866 872 1028 1022)
4(871 1027 1028 872)
4(1021 1022 1028 1027)
4(867 873 1029 1023)
4(872 1028 1029 873)
4(1022 1023 1029 1028)
4(868 874 1030 1024)
4(873 1029 1030 874)
4(1023 1024 1030 1029)
4(874 1030 1031 875)
4(1024 1025 1031 1030)
4(871 877 1033 1027)
4(876 1032 1033 877)
4(1026 1027 1033 1032)
4(872 878 1034 1028)
4(877 1033 1034 878)
4(1027 1028 1034 1033)
4(873 879 1035 1029)
4(878 1034 1035 879)
4(1028 1029 1035 1034)
4(874 880 1036 1030)
4(879 1035 1036 880)
4(1029 1030 1036 1035)
4(880 1036 1037 881)
4(1030 1031 1037 1036)
4(877 883 1039 1033)
4(882 1038 1039 883)
4(1032 1033 1039 1038)
4(878 884 1040 1034)
4(883 1039 1040 884)
4(1033 1034 1040 1039)
4(879 885 1041 1035)
4(884 1040 1041 885)
4(1034 1035 1041 1040)
4(880 886 1042 1036)
4(885 1041 1042 886)
4(1035 1036 1042 1041)
4(886 1042 1043 887)
4(1036 1037 1043 1042)
4(883 889 1045 1039)
4(888 1044 1045 889)
4(1038 1039 1045 1044)
4(884 890 1046 1040)
4(889 1045 1046 890)
4(1039 1040 1046 1045)
4(885 891 1047 1041)
4(890 1046 1047 891)
4(1040 1041 1047 1046)
4(886 892 1048 1042)
4(891 1047 1048 892)
4(1041 1042 1048 1047)
4(892 1048 1049 893)
4(1042 1043 1049 1048)
4(889 895 1051 1045)
4(894 1050 1051 895)
4(1044 1045 1051 1050)
4(890 896 1052 1046)
4(895 1051 1052 896)
4(1045 1046 1052 1051)
4(891 897 1053 1047)
4(896 1052 1053 897)
4(1046 1047 1053 1052)
4(892 898 1054 1048)
4(897 1053 1054 898)
4(1047 1048 1054 1053)
4(898 1054 1055 899)
4(1048 1049 1055 1054)
4(895 901 1057 1051)
4(900 1056 1057 901)
4(1050 1051 1057 1056)
4(896 902 1058 1052)
4(901 1057 1058 902)
4(1051 1052 1058 1057)
4(897 903 1059 1053)
4(902 1058 1059 903)
4(1052 1053 1059 1058)
4(898 904 1060 1054)
4(903 1059 1060 904)
4(1053 1054 1060 1059)
4(904 1060 1061 905)
4(1054 1055 1061 1060)
4(901 907 1063 1057)
4(906 1062 1063 907)
4(1056 1057 1063 1062)
4(902 908 1064 1058)
4(907 1063 1064 908)
4(1057 1058 1064 1063)
4(903 909 1065 1059)
4(908 1064 1065 909)
4(1058 1059 1065 1064)
4(904 910 1066 1060)
4(909 1065 1066 910)
4(1059 1060 1066 1065)
4(910 1066 1067 911)
4(1060 1061 1067 1066)
4(907 913 1069 1063)
4(912 1068 1069 913)
4(1062 1063 1069 1068)
4(908 914 1070 1064)
4(913 1069 1070 914)
4(1063 1064 1070 1069)
4(909 915 1071 1065)
4(914 1070 1071 915)
4(1064 1065 1071 1070)
4(910 916 1072 1066)
4(915 1071 1072 916)
4(1065 1066 1072 1071)
4(916 1072 1073 917)
4(1066 1067 1073 1072)
4(913 919 1075 1069)
4(918 1074 1075 919)
4(1068 1069 1075 1074)
4(914 920 1076 1070)
4(919 1075 1076 920)
4(1069 1070 1076 1075)
4(915 921 1077 1071)
4(920 1076 1077 921)
4(1070 1071 1077 1076)
4(916 922 1078 1072)
4(921 1077 1078 922)
4(1071 1072 1078 1077)
4(922 1078 1079 923)
4(1072 1073 1079 1078)
4(919 925 1081 1075)
4(924 1080 1081 925)
4(1074 1075 1081 1080)
4(920 926 1082 1076)
4(925 1081 1082 926)
4(1075 1076 1082 1081)
4(921 927 1083 1077)
4(926 1082 1083 927)
4(1076 1077 1083 1082)
4(922 928 1084 1078)
4(927 1083 1084 928)
4(1077 1078 1084 1083)
4(928 1084 1085 929)
4(1078 1079 1085 1084)
4(925 931 1087 1081)
4(1080 1081 1087 1086)
4(926 932 1088 1082)
4(1081 1082 1088 1087)
4(927 933 1089 1083)
4(1082 1083 1089 1088)
4(928 934 1090 1084)
4(1083 1084 1090 1089)
4(1084 1085 1091 1090)
4(937 943 1099 1093)
4(942 1098 1099 943)
4(1092 1093 1099 1098)
4(938 944 1100 1094)
4(943 1099 1100 944)
4(1093 1094 1100 1099)
4(939 945 1101 1095)
4(944 1100 1101 945)
4(1094 1095 1101 1100)
4(940 946 1102 1096)
4(945 1101 1102 946)
4(1095 1096 1102 1101)
4(946 1102 1103 947)
4(1096 1097 1103 1102)
4(943 949 1105 1099)
4(948 1104 1105 949)
4(1098 1099 1105 1104)
4(944 950 1106 1100)
4(949 1105 1106 950)
4(1099 1100 1106 1105)
4(945 951 1107 1101)
4(950 1106 1107 951)
4(1100 1101 1107 1106)
4(946 952 1108 1102)
4(951 1107 1108 952)
4(1101 1102 1108 1107)
4(952 1108 1109 953)
4(1102 1103 1109 1108)
4(949 955 1111 1105)
4(954 1110 1111 955)
4(1104 1105 1111 1110)
4(950 956 1112 1106)
4(955 1111 1112 956)
4(1105 1106 1112 1111)
4(951 957 1113 1107)
4(956 1112 1113 957)
4(1106 1107 1113 1112)
4(952 958 1114 1108)
4(957 1113 1114 958)
4(1107 1108 1114 1113)
4(958 1114 1115 959)
4(1108 1109 1115 1114)
4(955 961 1117 1111)
4(960 1116 1117 961)
4(1110 1111 1117 1116)
4(956 962 1118 1112)
4(961 1117 1118 962)
4(1111 1112 1118 1117)
4(957 963 1119 1113)
4(962 1118 1119 963)
4(1112 1113 1119 1118)
4(958 964 1120 1114)
4(963 1119 1120 964)
4(1113 1114 1120 1119)
4(964 1120 1121 965)
4(1114 1115 1121 1120)
4(961 967 1123 1117)
4(966 1122 1123 967)
4(1116 1117 1123 1122)
4(962 968 1124 1118)
4(967 1123 1124 968)
4(1117 1118 1124 1123)
4(963 969 1125 1119)
4(968 1124 1125 969)
4(1118 1119 1125 1124)
4(964 970 1126 1120)
4(969 1125 1126 970)
4(1119 1120 1126 1125)
4(970 1126 1127 971)
4(1120 1121 1127 1126)
4(967 973 1129 1123)
4(972 1128 1129 973)
4(1122 1123 1129 1128)
4(968 974 1130 1124)
4(973 1129 1130 974)
4(1123 1124 1130 1129)
4(969 975 1131 1125)
4(974 1130 1131 975)
4(1124 1125 1131 1130)
4(970 976 1132 1126)
4(975 1131 1132 976)
4(1125 1126 1132 1131)
4(976 1132 1133 977)
4(1126 1127 1133 1132)
4(973 979 1135 1129)
4(978 1134 1135 979)
4(1128 1129 1135 1134)
4(974 980 1136 1130)
4(979 1135 1136 980)
4(1129 1130 1136 1135)
4(975 981 1137 1131)
4(980 1136 1137 981)
4(1130 1131 1137 1136)
4(976 982 1138 1132)
4(981 1137 1138 982)
4(1131 1132 1138 1137)
4(982 1138 1139 983)
4(1132 1133 1139 1138)
4(979 985 1141 1135)
4(984 1140 1141 985)
4(1134 1135 1141 1140)
4(980 986 1142 1136)
4(985 1141 1142 986)
4(1135 1136 1142 1141)
4(981 987 1143 1137)
4(986 1142 1143 987)
4(1136 1137 1143 1142)
4(982 988 1144 1138)
4(987 1143 1144 988)
4(1137 1138 1144 1143)
4(988 1144 1145 989)
4(1138 1139 1145 1144)
4(985 991 1147 1141)
4(990 1146 1147 991)
4(1140 1141 1147 1146)
4(986 992 1148 1142)
4(991 1147 1148 992)
4(1141 1142 1148 1147)
4(987 993 1149 1143)
4(992 1148 1149 993)
4(1142 1143 1149 1148)
4(988 994 1150 1144)
4(993 1149 1150 994)
4(1143 1144 1150 1149)
4(994 1150 1151 995)
4(1144 1145 1151 1150)
4(991 997 1153 1147)
4(996 1152 1153 997)
4(1146 1147 1153 1152)
4(992 998 1154 1148)
4(997 1153 1154 998)
4(1147 1148 1154 1153)
4(993 999 1155 1149)
4(998 1154 1155 999)
4(1148 1149 1155 1154)
4(994 1000 1156 1150)
4(999 1155 1156 1000)
4(1149 1150 1156 1155)
4(1000 1156 1157 1001)
4(1150 1151 1157 1156)
4(997 1003 1159 1153)
4(1002 1158 1159 1003)
4(1152 1153 1159 1158)
4(998 1004 1160 1154)
4(1003 1159 1160 1004)
4(1153 1154 1160 1159)
4(999 1005 1161 1155)
4(1004 1160 1161 1005)
4(1154 1155 1161 1160)
4(1000 1006 1162 1156)
4(1005 1161 1162 1006)
4(1155 1156 1162 1161)
4(1006 1162 1163 1007)
4(1156 1157 1163 1162)
4(1003 1009 1165 1159)
4(1008 1164 1165 1009)
4(1158 1159 1165 1164)
4(1004 1010 1166 1160)
4(1009 1165 1166 1010)
4(1159 1160 1166 1165)
4(1005 1011 1167 1161)
4(1010 1166 1167 1011)
4(1160 1161 1167 1166)
4(1006 1012 1168 1162)
4(1011 1167 1168 1012)
4(1161 1162 1168 1167)
4(1012 1168 1169 1013)
4(1162 1163 1169 1168)
4(1009 1015 1171 1165)
4(1014 1170 1171 1015)
4(1164 1165 1171 1170)
4(1010 1016 1172 1166)
4(1015 1171 1172 1016)
4(1165 1166 1172 1171)
4(1011 1017 1173 1167)
4(1016 1172 1173 1017)
4(1166 1167 1173 1172)
4(1012 1018 1174 1168)
4(1017 1173 1174 1018)
4(1167 1168 1174 1173)
4(1018 1174 1175 1019)
4(1168 1169 1175 1174)
4(1015 1021 1177 1171)
4(1020 1176 1177 1021)
4(1170 1171 1177 1176)
4(1016 1022 1178 1172)
4(1021 1177 1178 1022)
4(1171 1172 1178 1177)
4(1017 1023 1179 1173)
4(1022 1178 1179 1023)
4(1172 1173 1179 1178)
4(1018 1024 1180 1174)
4(1023 1179 1180 1024)
4(1173 1174 1180 1179)
4(1024 1180 1181 1025)
4(1174 1175 1181 1180)
4(1021 1027 1183 1177)
4(1026 1182 1183 1027)
4(1176 1177 1183 1182)
4(1022 1028 1184 1178)
4(1027 1183 1184 1028)
4(1177 1178 1184 1183)
4(1023 1029 1185 1179)
4(1028 1184 1185 1029)
4(1178 1179 1185 1184)
4(1024 1030 1186 1180)
4(1029 1185 1186 1030)
4(1179 1180 1186 1185)
4(1030 1186 1187 1031)
4(1180 1181 1187 1186)
4(1027 1033 1189 1183)
4(1032 1188 1189 1033)
4(1182 1183 1189 1188)
4(1028 1034 1190 1184)
4(1033 1189 1190 1034)
4(1183 1184 1190 1189)
4(1029 1035 1191 1185)
4(1034 1190 1191 1035)
4(1184 1185 1191 1190)
4(1030 1036 1192 1186)
4(1035 1191 1192 1036)
4(1185 1186 1192 1191)
4(1036 1192 1193 1037)
4(1186 1187 1193 1192)
4(1033 1039 1195 1189)
4(1038 1194 1195 1039)
4(1188 1189 1195 1194)
4(1034 1040 1196 1190)
4(1039 1195 1196 1040)
4(1189 1190 1196 1195)
4(1035 1041 1197 1191)
4(1040 1196 1197 1041)
4(1190 1191 1197 1196)
4(1036 1042 1198 1192)
4(1041 1197 1198 1042)
4(1191 1192 1198 1197)
4(1042 1198 1199 1043)
4(1192 1193 1199 1198)
4(1039 1045 1201 1195)
4(1044 1200 1201 1045)
4(1194 1195 1201 1200)
4(1040 1046 1202 1196)
4(1045 1201 1202 1046)
4(1195 1196 1202 1201)
4(1041 1047 1203 1197)
4(1046 1202 1203 1047)
4(1196 1197 1203 1202)
4(1042 1048 1204 1198)
4(1047 1203 1204 1048)
4(1197 1198 1204 1203)
4(1048 1204 1205 1049)
4(1198 1199 1205 1204)
4(1045 1051 1207 1201)
4(1050 1206 1207 1051)
4(1200 1201 1207 1206)
4(1046 1052 1208 1202)
4(1051 1207 1208 1052)
4(1201 1202 1208 1207)
4(1047 1053 1209 1203)
4(1052 1208 1209 1053)
4(1202 1203 1209 1208)
4(1048 1054 1210 1204)
4(1053 1209 1210 1054)
4(1203 1204 1210 1209)
4(1054 1210 1211 1055)
4(1204 1205 1211 1210)
4(1051 1057 1213 1207)
4(1056 1212 1213 1057)
4(1206 1207 1213 1212)
4(1052 1058 1214 1208)
4(1057 1213 1214 1058)
4(1207 1208 1214 1213)
4(1053 1059 1215 1209)
4(1058 1214 1215 1059)
4(1208 1209 1215 1214)
4(1054 1060 1216 1210)
4(1059 1215 1216 1060)
4(1209 1210 1216 1215)
4(1060 1216 1217 1061)
4(1210 1211 1217 1216)
4(1057 1063 1219 1213)
4(1062 1218 1219 1063)
4(1212 1213 1219 1218)
4(1058 1064 1220 1214)
4(1063 1219 1220 1064)
4(1213 1214 1220 1219)
4(1059 1065 1221 1215)
4(1064 1220 1221 1065)
4(1214 1215 1221 1220)
4(1060 1066 1222 1216)
4(1065 1221 1222 1066)
4(1215 1216 1222 1221)
4(1066 1222 1223 1067)
4(1216 1217 1223 1222)
4(1063 1069 1225 1219)
4(1068 1224 1225 1069)
4(1218 1219 1225 1224)
4(1064 1070 1226 1220)
4(1069 1225 1226 1070)
4(1219 1220 1226 1225)
4(1065 1071 1227 1221)
4(1070 1226 1227 1071)
4(1220 1221 1227 1226)
4(1066 1072 1228 1222)
4(1071 1227 1228 1072)
4(1221 1222 1228 1227)
4(1072 1228 1229 1073)
4(1222 1223 1229 1228)
4(1069 1075 1231 1225)
4(1074 1230 1231 1075)
4(1224 1225 1231 1230)
4(1070 1076 1232 1226)
4(1075 1231 1232 1076)
4(1225 1226 1232 1231)
4(1071 1077 1233 1227)
4(1076 1232 1233 1077)
4(1226 1227 1233 1232)
4(1072 1078 1234 1228)
4(1077 1233 1234 1078)
4(1227 1228 1234 1233)
4(1078 1234 1235 1079)
4(1228 1229 1235 1234)
4(1075 1081 1237 1231)
4(1080 1236 1237 1081)
4(1230 1231 1237 1236)
4(1076 1082 1238 1232)
4(1081 1237 1238 1082)
4(1231 1232 1238 1237)
4(1077 1083 1239 1233)
4(1082 1238 1239 1083)
4(1232 1233 1239 1238)
4(1078 1084 1240 1234)
4(1083 1239 1240 1084)
4(1233 1234 1240 1239)
4(1084 1240 1241 1085)
4(1234 1235 1241 1240)
4(1081 1087 1243 1237)
4(1236 1237 1243 1242)
4(1082 1088 1244 1238)
4(1237 1238 1244 1243)
4(1083 1089 1245 1239)
4(1238 1239 1245 1244)
4(1084 1090 1246 1240)
4(1239 1240 1246 1245)
4(1240 1241 1247 1246)
4(1093 1099 1255 1249)
4(1098 1254 1255 1099)
4(1248 1249 1255 1254)
4(1094 1100 1256 1250)
4(1099 1255 1256 1100)
4(1249 1250 1256 1255)
4(1095 1101 1257 1251)
4(1100 1256 1257 1101)
4(1250 1251 1257 1256)
4(1096 1102 1258 1252)
4(1101 1257 1258 1102)
4(1251 1252 1258 1257)
4(1102 1258 1259 1103)
4(1252 1253 1259 1258)
4(1099 1105 1261 1255)
4(1104 1260 1261 1105)
4(1254 1255 1261 1260)
4(1100 1106 1262 1256)
4(1105 1261 1262 1106)
4(1255 1256 1262 1261)
4(1101 1107 1263 1257)
4(1106 1262 1263 1107)
4(1256 1257 1263 1262)
4(1102 1108 1264 1258)
4(1107 1263 1264 1108)
4(1257 1258 1264 1263)
4(1108 1264 1265 1109)
4(1258 1259 1265 1264)
4(1105 1111 1267 1261)
4(1110 1266 1267 1111)
4(1260 1261 1267 1266)
4(1106 1112 1268 1262)
4(1111 1267 1268 1112)
4(1261 1262 1268 1267)
4(1107 1113 1269 1263)
4(1112 1268 1269 1113)
4(1262 1263 1269 1268)
4(1108 1114 1270 1264)
4(1113 1269 1270 1114)
4(1263 1264 1270 1269)
4(1114 1270 1271 1115)
4(1264 1265 1271 1270)
4(1111 1117 1273 1267)
4(1116 1272 1273 1117)
4(1266 1267 1273 1272)
4(1112 1118 1274 1268)
4(1117 1273 1274 1118)
4(1267 1268 1274 1273)
4(1113 1119 1275 1269)
4(1118 1274 1275 1119)
4(1268 1269 1275 1274)
4(1114 1120 1276 1270)
4(1119 1275 1276 1120)
4(1269 1270 1276 1275)
4(1120 1276 1277 1121)
4(1270 1271 1277 1276)
4(1117 1123 1279 1273)
4(1122 1278 1279 1123)
4(1272 1273 1279 1278)
4(1118 1124 1280 1274)
4(1123 1279 1280 1124)
4(1273 1274 1280 1279)
4(1119 1125 1281 1275)
4(1124 1280 1281 1125)
4(1274 1275 1281 1280)
4(1120 1126 1282 1276)
4(1125 1281 1282 1126)
4(1275 1276 1282 1281)
4(1126 1282 1283 1127)
4(1276 1277 1283 1282)
4(1123 1129 1285 1279)
4(1128 1284 1285 1129)
4(1278 1279 1285 1284)
4(1124 1130 1286 1280)
4(1129 1285 1286 1130)
4(1279 1280 1286 1285)
4(1125 1131 1287 1281)
4(1130 1286 1287 1131)
4(1280 1281 1287 1286)
4(1126 1132 1288 1282)
4(1131 1287 1288 1132)
4(1281 1282 1288 1287)
4(1132 1288 1289 1133)
4(1282 1283 1289 1288)
4(1129 1135 1291 1285)
4(1134 1290 1291 1135)
4(1284 1285 1291 1290)
4(1130 1136 1292 1286)
4(1135 1291 1292 1136)
4(1285 1286 1292 1291)
4(1131 1137 1293 1287)
4(1136 1292 1293 1137)
4(1286 1287 1293 1292)
4(1132 1138 1294 1288)
4(1137 1293 1294 1138)
4(1287 1288 1294 1293)
4(1138 1294 1295 1139)
4(1288 1289 1295 1294)
4(1135 1141 1297 1291)
4(1140 1296 1297 1141)
4(1290 1291 1297 1296)
4(1136 1142 1298 1292)
4(1141 1297 1298 1142)
4(1291 1292 1298 1297)
4(1137 1143 1299 1293)
4(1142 1298 1299 1143)
4(1292 1293 1299 1298)
4(1138 1144 1300 1294)
4(1143 1299 1300 1144)
4(1293 1294 1300 1299)
4(1144 1300 1301 1145)
4(1294 1295 1301 1300)
4(1141 1147 1303 1297)
4(1146 1302 1303 1147)
4(1296 1297 1303 1302)
4(1142 1148 1304 1298)
4(1147 1303 1304 1148)
4(1297 1298 1304 1303)
4(1143 1149 1305 1299)
4(1148 1304 1305 1149)
4(1298 1299 1305 1304)
4(1144 1150 1306 1300)
4(1149 1305 1306 1150)
4(1299 1300 1306 1305)
4(1150 1306 1307 1151)
4(1300 1301 1307 1306)
4(1147 1153 1309 1303)
4(1152 1308 1309 1153)
4(1302 1303 1309 1308)
4(1148 1154 1310 1304)
4(1153 1309 1310 1154)
4(1303 1304 1310 1309)
4(1149 1155 1311 1305)
4(1154 1310 1311 1155)
4(1304 1305 1311 1310)
4(1150 1156 1312 1306)
4(1155 1311 1312 1156)
4(1305 1306 1312 1311)
4(1156 1312 1313 1157)
4(1306 1307 1313 1312)
4(1153 1159 1315 1309)
4(1158 1314 1315 1159)
4(1308 1309 1315 1314)
4(1154 1160 1316 1310)
4(1159 1315 1316 1160)
4(1309 1310 1316 1315)
4(1155 1161 1317 1311)
4(1160 1316 1317 1161)
4(1310 1311 1317 1316)
4(1156 1162 1318 1312)
4(1161 1317 1318 1162)
4(1311 1312 1318 1317)
4(1162 1318 1319 1163)
4(1312 1313 1319 1318)
4(1159 1165 1321 1315)
4(1164 1320 1321 1165)
4(1314 1315 1321 1320)
4(1160 1166 1322 1316)
4(1165 1321 1322 1166)
4(1315 1316 1322 1321)
4(1161 1167 1323 1317)
4(1166 1322 1323 1167)
4(1316 1317 1323 1322)
4(1162 1168 1324 1318)
4(1167 1323 1324 1168)
4(1317 1318 1324 1323)
4(1168 1324 1325 1169)
4(1318 1319 1325 1324)
4(1165 1171 1327 1321)
4(1170 1326 1327 1171)
4(1320 1321 1327 1326)
4(1166 1172 1328 1322)
4(1171 1327 1328 1172)
4(1321 1322 1328 1327)
4(1167 1173 1329 1323)
4(1172 1328 1329 1173)
4(1322 1323 1329 1328)
4(1168 1174 1330 1324)
4(1173 1329 1330 1174)
4(1323 1324 1330 1329)
4(1174 1330 1331 1175)
4(1324 1325 1331 1330)
4(1171 1177 1333 1327)
4(1176 1332 1333 1177)
4(1326 1327 1333 1332)
4(1172 1178 1334 1328)
4(1177 1333 1334 1178)
4(1327 1328 1334 1333)
4(1173 1179 1335 1329)
4(1178 1334 1335 1179)
4(1328 1329 1335 1334)
4(1174 1180 1336 1330)
4(1179 1335 1336 1180)
4(1329 1330 1336 1335)
4(1180 1336 1337 1181)
4(1330 1331 1337 1336)
4(1177 1183 1339 1333)
4(1182 1338 1339 1183)
4(1332 1333 1339 1338)
4(1178 1184 1340 1334)
4(1183 1339 1340 1184)
4(1333 1334 1340 1339)
4(1179 1185 1341 1335)
4(1184 1340 1341 1185)
4(1334 1335 1341 1340)
4(1180 1186 1342 1336)
4(1185 1341 1342 1186)
4(1335 1336 1342 1341)
4(1186 1342 1343 1187)
4(1336 1337 1343 1342)
4(1183 1189 1345 1339)
4(1188 1344 1345 1189)
4(1338 1339 1345 1344)
4(1184 1190 1346 1340)
4(1189 1345 1346 1190)
4(1339 1340 1346 1345)
4(1185 1191 1347 1341)
4(1190 1346 1347 1191)
4(1340 1341 1347 1346)
4(1186 1192 1348 1342)
4(1191 1347 1348 1192)
4(1341 1342 1348 1347)
4(1192 1348 1349 1193)
4(1342 1343 1349 1348)
4(1189 1195 1351 1345)
4(1194 1350 1351 1195)
4(1344 1345 1351 1350)
4(1190 1196 1352 1346)
4(1195 1351 1352 1196)
4(1345 1346 1352 1351)
4(1191 1197 1353 1347)
4(1196 1352 1353 1197)
4(1346 1347 1353 1352)
4(1192 1198 1354 1348)
4(1197 1353 1354 1198)
4(1347 1348 1354 1353)
4(1198 1354 1355 1199)
4(1348 1349 1355 1354)
4(1195 1201 1357 1351)
4(1200 1356 1357 1201)
4(1350 1351 1357 1356)
4(1196 1202 1358 1352)
4(1201 1357 1358 1202)
4(1351 1352 1358 1357)
4(1197 1203 1359 1353)
4(1202 1358 1359 1203)
4(1352 1353 1359 1358)
4(1198 1204 1360 1354)
4(1203 1359 1360 1204)
4(1353 1354 1360 1359)
4(1204 1360 1361 1205)
4(1354 1355 1361 1360)
4(1201 1207 1363 1357)
4(1206 1362 1363 1207)
4(1356 1357 1363 1362)
4(1202 1208 1364 1358)
4(1207 1363 1364 1208)
4(1357 1358 1364 1363)
4(1203 1209 1365 1359)
4(1208 1364 1365 1209)
4(1358 1359 1365 1364)
4(1204 1210 1366 1360)
4(1209 1365 1366 1210)
4(1359 1360 1366 1365)
4(1210 1366 1367 1211)
4(1360 1361 1367 1366)
4(1207 1213 1369 1363)
4(1212 1368 1369 1213)
4(1362 1363 1369 1368)
4(1208 1214 1370 1364)
4(1213 1369 1370 1214)
4(1363 1364 1370 1369)
4(1209 1215 1371 1365)
4(1214 1370 1371 1215)
4(1364 1365 1371 1370)
4(1210 1216 1372 1366)
4(1215 1371 1372 1216)
4(1365 1366 1372 1371)
4(1216 1372 1373 1217)
4(1366 1367 1373 1372)
4(1213 1219 1375 1369)
4(1218 1374 1375 1219)
4(1368 1369 1375 1374)
4(1214 1220 1376 1370)
4(1219 1375 1376 1220)
4(1369 1370 1376 1375)
4(1215 1221 1377 1371)
4(1220 1376 1377 1221)
4(1370 1371 1377 1376)
4(1216 1222 1378 1372)
4(1221 1377 1378 1222)
4(1371 1372 1378 1377)
4(1222 1378 1379 1223)
4(1372 1373 1379 1378)
4(1219 1225 1381 1375)
4(1224 1380 1381 1225)
4(1374 1375 1381 1380)
4(1220 1226 1382 1376)
4(1225 1381 1382 1226)
4(1375 1376 1382 1381)
4(1221 1227 1383 1377)
4(1226 1382 1383 1227)
4(1376 1377 1383 1382)
4(1222 1228 1384 1378)
4(1227 1383 1384 1228)
4(1377 1378 1384 1383)
4(1228 1384 1385 1229)
4(1378 1379 1385 1384)
4(1225 1231 1387 1381)
4(1230 1386 1387 1231)
4(1380 1381 1387 1386)
4(1226 1232 1388 1382)
4(1231 1387 1388 1232)
4(1381 1382 1388 1387)
4(1227 1233 1389 1383)
4(1232 1388 1389 1233)
4(1382 1383 1389 1388)
4(1228 1234 1390 1384)
4(1233 1389 1390 1234)
4(1383 1384 1390 1389)
4(1234 1390 1391 1235)
4(1384 1385 1391 1390)
4(1231 1237 1393 1387)
4(1236 1392 1393 1237)
4(1386 1387 1393 1392)
4(1232 1238 1394 1388)
4(1237 1393 1394 1238)
4(1387 1388 1394 1393)
4(1233 1239 1395 1389)
4(1238 1394 1395 1239)
4(1388 1389 1395 1394)
4(1234 1240 1396 1390)
4(1239 1395 1396 1240)
4(1389 1390 1396 1395)
4(1240 1396 1397 1241)
4(1390 1391 1397 1396)
4(1237 1243 1399 1393)
4(1392 1393 1399 1398)
4(1238 1244 1400 1394)
4(1393 1394 1400 1399)
4(1239 1245 1401 1395)
4(1394 1395 1401 1400)
4(1240 1246 1402 1396)
4(1395 1396 1402 1401)
4(1396 1397 1403 1402)
4(1249 1255 1411 1405)
4(1254 1410 1411 1255)
4(1404 1405 1411 1410)
4(1250 1256 1412 1406)
4(1255 1411 1412 1256)
4(1405 1406 1412 1411)
4(1251 1257 1413 1407)
4(1256 1412 1413 1257)
4(1406 1407 1413 1412)
4(1252 1258 1414 1408)
4(1257 1413 1414 1258)
4(1407 1408 1414 1413)
4(1258 1414 1415 1259)
4(1408 1409 1415 1414)
4(1255 1261 1417 1411)
4(1260 1416 1417 1261)
4(1410 1411 1417 1416)
4(1256 1262 1418 1412)
4(1261 1417 1418 1262)
4(1411 1412 1418 1417)
4(1257 1263 1419 1413)
4(1262 1418 1419 1263)
4(1412 1413 1419 1418)
4(1258 1264 1420 1414)
4(1263 1419 1420 1264)
4(1413 1414 1420 1419)
4(1264 1420 1421 1265)
4(1414 1415 1421 1420)
4(1261 1267 1423 1417)
4(1266 1422 1423 1267)
4(1416 1417 1423 1422)
4(1262 1268 1424 1418)
4(1267 1423 1424 1268)
4(1417 1418 1424 1423)
4(1263 1269 1425 1419)
4(1268 1424 1425 1269)
4(1418 1419 1425 1424)
4(1264 1270 1426 1420)
4(1269 1425 1426 1270)
4(1419 1420 1426 1425)
4(1270 1426 1427 1271)
4(1420 1421 1427 1426)
4(1267 1273 1429 1423)
4(1272 1428 1429 1273)
4(1422 1423 1429 1428)
4(1268 1274 1430 1424)
4(1273 1429 1430 1274)
4(1423 1424 1430 1429)
4(1269 1275 1431 1425)
4(1274 1430 1431 1275)
4(1424 1425 1431 1430)
4(1270 1276 1432 1426)
4(1275 1431 1432 1276)
4(1425 1426 1432 1431)
4(1276 1432 1433 1277)
4(1426 1427 1433 1432)
4(1273 1279 1435 1429)
4(1278 1434 1435 1279)
4(1428 1429 1435 1434)
4(1274 1280 1436 1430)
4(1279 1435 1436 1280)
4(1429 1430 1436 1435)
4(1275 1281 1437 1431)
4(1280 1436 1437 1281)
4(1430 1431 1437 1436)
4(1276 1282 1438 1432)
4(1281 1437 1438 1282)
4(1431 1432 1438 1437)
4(1282 1438 1439 1283)
4(1432 1433 1439 1438)
4(1279 1285 1441 1435)
4(1284 1440 1441 1285)
4(1434 1435 1441 1440)
4(1280 1286 1442 1436)
4(1285 1441 1442 1286)
4(1435 1436 1442 1441)
4(1281 1287 1443 1437)
4(1286 1442 1443 1287)
4(1436 1437 1443 1442)
4(1282 1288 1444 1438)
4(1287 1443 1444 1288)
4(1437 1438 1444 1443)
4(1288 1444 1445 1289)
4(1438 1439 1445 1444)
4(1285 1291 1447 1441)
4(1290 1446 1447 1291)
4(1440 1441 1447 1446)
4(1286 1292 1448 1442)
4(1291 1447 1448 1292)
4(1441 1442 1448 1447)
4(1287 1293 1449 1443)
4(1292 1448 1449 1293)
4(1442 1443 1449 1448)
4(1288 1294 1450 1444)
4(1293 1449 1450 1294)
4(1443 1444 1450 1449)
4(1294 1450 1451 1295)
4(1444 1445 1451 1450)
4(1291 1297 1453 1447)
4(1296 1452 1453 1297)
4(1446 1447 1453 1452)
4(1292 1298 1454 1448)
4(1297 1453 1454 1298)
4(1447 1448 1454 1453)
4(1293 1299 1455 1449)
4(1298 1454 1455 1299)
4(1448 1449 1455 1454)
4(1294 1300 1456 1450)
4(1299 1455 1456 1300)
4(1449 1450 1456 1455)
4(1300 1456 1457 1301)
4(1450 1451 1457 1456)
4(1297 1303 1459 1453)
4(1302 1458 1459 1303)
4(1452 1453 1459 1458)
4(1298 1304 1460 1454)
4(1303 1459 1460 1304)
4(1453 1454 1460 1459)
4(1299 1305 1461 1455)
4(1304 1460 1461 1305)
4(1454 1455 1461 1460)
4(1300 1306 1462 1456)
4(1305 1461 1462 1306)
4(1455 1456 1462 1461)
4(1306 1462 1463 1307)
4(1456 1457 1463 1462)
4(1303 1309 1465 1459)
4(1308 1464 1465 1309)
4(1458 1459 1465 1464)
4(1304 1310 1466 1460)
4(1309 1465 1466 1310)
4(1459 1460 1466 1465)
4(1305 1311 1467 1461)
4(1310 1466 1467 1311)
4(1460 1461 1467 1466)
4(1306 1312 1468 1462)
4(1311 1467 1468 1312)
4(1461 1462 1468 1467)
4(1312 1468 1469 1313)
4(1462 1463 1469 1468)
4(1309 1315 1471 1465)
4(1314 1470 1471 1315)
4(1464 1465 1471 1470)
4(1310 1316 1472 1466)
4(1315 1471 1472 1316)
4(1465 1466 1472 1471)
4(1311 1317 1473 1467)
4(1316 1472 1473 1317)
4(1466 1467 1473 1472)
4(1312 1318 1474 1468)
4(1317 1473 1474 1318)
4(1467 1468 1474 1473)
4(1318 1474 1475 1319)
4(1468 1469 1475 1474)
4(1315 1321 1477 1471)
4(1320 1476 1477 1321)
4(1470 1471 1477 1476)
4(1316 1322 1478 1472)
4(1321 1477 1478 1322)
4(1471 1472 1478 1477)
4(1317 1323 1479 1473)
4(1322 1478 1479 1323)
4(1472 1473 1479 1478)
4(1318 1324 1480 1474)
4(1323 1479 1480 1324)
4(1473 1474 1480 1479)
4(1324 1480 1481 1325)
4(1474 1475 1481 1480)
4(1321 1327 1483 1477)
4(1326 1482 1483 1327)
4(1476 1477 1483 1482)
4(1322 1328 1484 1478)
4(1327 1483 1484 1328)
4(1477 1478 1484 1483)
4(1323 1329 1485 1479)
4(1328 1484 1485 1329)
4(1478 1479 1485 1484)
4(1324 1330 1486 1480)
4(1329 1485 1486 1330)
4(1479 1480 1486 1485)
4(1330 1486 1487 1331)
4(1480 1481 1487 1486)
4(1327 1333 1489 1483)
4(1332 1488 1489 1333)
4(1482 1483 1489 1488)
4(1328 1334 1490 1484)
4(1333 1489 1490 1334)
4(1483 1484 1490 1489)
4(1329 1335 1491 1485)
4(1334 1490 1491 1335)
4(1484 1485 1491 1490)
4(1330 1336 1492 1486)
4(1335 1491 1492 1336)
4(1485 1486 1492 1491)
4(1336 1492 1493 1337)
4(1486 1487 1493 1492)
4(1333 1339 1495 1489)
4(1338 1494 1495 1339)
4(1488 1489 1495 1494)
4(1334 1340 1496 1490)
4(1339 1495 1496 1340)
4(1489 1490 1496 1495)
4(1335 1341 1497 1491)
4(1340 1496 1497 1341)
4(1490 1491 1497 1496)
4(1336 1342 1498 1492)
4(1341 1497 1498 1342)
4(1491 1492 1498 1497)
4(1342 1498 1499 1343)
4(1492 1493 1499 1498)
4(1339 1345 1501 1495)
4(1344 1500 1501 1345)
4(1494 1495 1501 1500)
4(1340 1346 1502 1496)
4(1345 1501 1502 1346)
4(1495 1496 1502 1501)
4(1341 1347 1503 1497)
4(1346 1502 1503 1347)
4(1496 1497 1503 1502)
4(1342 1348 1504 1498)
4(1347 1503 1504 1348)
4(1497 1498 1504 1503)
4(1348 1504 1505 1349)
4(1498 1499 1505 1504)
4(1345 1351 1507 1501)
4(1350 1506 1507 1351)
4(1500 1501 1507 1506)
4(1346 1352 1508 1502)
4(1351 1507 1508 1352)
4(1501 1502 1508 1507)
4(1347 1353 1509 1503)
4(1352 1508 1509 1353)
4(1502 1503 1509 1508)
4(1348 1354 1510 1504)
4(1353 1509 1510 1354)
4(1503 1504 1510 1509)
4(1354 1510 1511 1355)
4(1504 1505 1511 1510)
4(1351 1357 1513 1507)
4(1356 1512 1513 1357)
4(1506 1507 1513 1512)
4(1352 1358 1514 1508)
4(1357 1513 1514 1358)
4(1507 1508 1514 1513)
4(1353 1359 1515 1509)
4(1358 1514 1515 1359)
4(1508 1509 1515 1514)
4(1354 1360 1516 1510)
4(1359 1515 1516 1360)
4(1509 1510 1516 1515)
4(1360 1516 1517 1361)
4(1510 1511 1517 1516)
4(1357 1363 1519 1513)
4(1362 1518 1519 1363)
4(1512 1513 1519 1518)
4(1358 1364 1520 1514)
4(1363 1519 1520 1364)
4(1513 1514 1520 1519)
4(1359 1365 1521 1515)
4(1364 1520 1521 1365)
4(1514 1515 1521 1520)
4(1360 1366 1522 1516)
4(1365 1521 1522 1366)
4(1515 1516 1522 1521)
4(1366 1522 1523 1367)
4(1516 1517 1523 1522)
4(1363 1369 1525 1519)
4(1368 1524 1525 1369)
4(1518 1519 1525 1524)
4(1364 1370 1526 1520)
4(1369 1525 1526 1370)
4(1519 1520 1526 1525)
4(1365 1371 1527 1521)
4(1370 1526 1527 1371)
4(1520 1521 1527 1526)
4(1366 1372 1528 1522)
4(1371 1527 1528 1372)
4(1521 1522 1528 1527)
4(1372 1528 1529 1373)
4(1522 1523 1529 1528)
4(1369 1375 1531 1525)
4(1374 1530 1531 1375)
4(1524 1525 1531 1530)
4(1370 1376 1532 1526)
4(1375 1531 1532 1376)
4(1525 1526 1532 1531)
4(1371 1377 1533 1527)
4(1376 1532 1533 1377)
4(1526 1527 1533 1532)
4(1372 1378 1534 1528)
4(1377 1533 1534 1378)
4(1527 1528 1534 1533)
4(1378 1534 1535 1379)
4(1528 1529 1535 1534)
4(1375 1381 1537 1531)
4(1380 1536 1537 1381)
4(1530 1531 1537 1536)
4(1376 1382 1538 1532)
4(1381 1537 1538 1382)
4(1531 1532 1538 1537)
4(1377 1383 1539 1533)
4(1382 1538 1539 1383)
4(1532 1533 1539 1538)
4(1378 1384 1540 1534)
4(1383 1539 1540 1384)
4(1533 1534 1540 1539)
4(1384 1540 1541 1385)
4(1534 1535 1541 1540)
4(1381 1387 1543 1537)
4(1386 1542 1543 1387)
4(1536 1537 1543 1542)
4(1382 1388 1544 1538)
4(1387 1543 1544 1388)
4(1537 1538 1544 1543)
4(1383 1389 1545 1539)
4(1388 1544 1545 1389)
4(1538 1539 1545 1544)
4(1384 1390 1546 1540)
4(1389 1545 1546 1390)
4(1539 1540 1546 1545)
4(1390 1546 1547 1391)
4(1540 1541 1547 1546)
4(1387 1393 1549 1543)
4(1392 1548 1549 1393)
4(1542 1543 1549 1548)
4(1388 1394 1550 1544)
4(1393 1549 1550 1394)
4(1543 1544 1550 1549)
4(1389 1395 1551 1545)
4(1394 1550 1551 1395)
4(1544 1545 1551 1550)
4(1390 1396 1552 1546)
4(1395 1551 1552 1396)
4(1545 1546 1552 1551)
4(1396 1552 1553 1397)
4(1546 1547 1553 1552)
4(1393 1399 1555 1549)
4(1548 1549 1555 1554)
4(1394 1400 1556 1550)
4(1549 1550 1556 1555)
4(1395 1401 1557 1551)
4(1550 1551 1557 1556)
4(1396 1402 1558 1552)
4(1551 1552 1558 1557)
4(1552 1553 1559 1558)
4(1405 1411 1567 1561)
4(1410 1566 1567 1411)
4(1406 1412 1568 1562)
4(1411 1567 1568 1412)
4(1407 1413 1569 1563)
4(1412 1568 1569 1413)
4(1408 1414 1570 1564)
4(1413 1569 1570 1414)
4(1414 1570 1571 1415)
4(1411 1417 1573 1567)
4(1416 1572 1573 1417)
4(1412 1418 1574 1568)
4(1417 1573 1574 1418)
4(1413 1419 1575 1569)
4(1418 1574 1575 1419)
4(1414 1420 1576 1570)
4(1419 1575 1576 1420)
4(1420 1576 1577 1421)
4(1417 1423 1579 1573)
4(1422 1578 1579 1423)
4(1418 1424 1580 1574)
4(1423 1579 1580 1424)
4(1419 1425 1581 1575)
4(1424 1580 1581 1425)
4(1420 1426 1582 1576)
4(1425 1581 1582 1426)
4(1426 1582 1583 1427)
4(1423 1429 1585 1579)
4(1428 1584 1585 1429)
4(1424 1430 1586 1580)
4(1429 1585 1586 1430)
4(1425 1431 1587 1581)
4(1430 1586 1587 1431)
4(1426 1432 1588 1582)
4(1431 1587 1588 1432)
4(1432 1588 1589 1433)
4(1429 1435 1591 1585)
4(1434 1590 1591 1435)
4(1430 1436 1592 1586)
4(1435 1591 1592 1436)
4(1431 1437 1593 1587)
4(1436 1592 1593 1437)
4(1432 1438 1594 1588)
4(1437 1593 1594 1438)
4(1438 1594 1595 1439)
4(1435 1441 1597 1591)
4(1440 1596 1597 1441)
4(1436 1442 1598 1592)
4(1441 1597 1598 1442)
4(1437 1443 1599 1593)
4(1442 1598 1599 1443)
4(1438 1444 1600 1594)
4(1443 1599 1600 1444)
4(1444 1600 1601 1445)
4(1441 1447 1603 1597)
4(1446 1602 1603 1447)
4(1442 1448 1604 1598)
4(1447 1603 1604 1448)
4(1443 1449 1605 1599)
4(1448 1604 1605 1449)
4(1444 1450 1606 1600)
4(1449 1605 1606 1450)
4(1450 1606 1607 1451)
4(1447 1453 1609 1603)
4(1452 1608 1609 1453)
4(1448 1454 1610 1604)
4(1453 1609 1610 1454)
4(1449 1455 1611 1605)
4(1454 1610 1611 1455)
4(1450 1456 1612 1606)
4(1455 1611 1612 1456)
4(1456 1612 1613 1457)
4(1453 1459 1615 1609)
4(1458 1614 1615 1459)
4(1454 1460 1616 1610)
4(1459 1615 1616 1460)
4(1455 1461 1617 1611)
4(1460 1616 1617 1461)
4(1456 1462 1618 1612)
4(1461 1617 1618 1462)
4(1462 1618 1619 1463)
4(1459 1465 1621 1615)
4(1464 1620 1621 1465)
4(1460 1466 1622 1616)
4(1465 1621 1622 1466)
4(1461 1467 1623 1617)
4(1466 1622 1623 1467)
4(1462 1468 1624 1618)
4(1467 1623 1624 1468)
4(1468 1624 1625 1469)
4(1465 1471 1627 1621)
4(1470 1626 1627 1471)
4(1466 1472 1628 1622)
4(1471 1627 1628 1472)
4(1467 1473 1629 1623)
4(1472 1628 1629 1473)
4(1468 1474 1630 1624)
4(1473 1629 1630 1474)
4(1474 1630 1631 1475)
4(1471 1477 1633 1627)
4(1476 1632 1633 1477)
4(1472 1478 1634 1628)
4(1477 1633 1634 1478)
4(1473 1479 1635 1629)
4(1478 1634 1635 1479)
4(1474 1480 1636 1630)
4(1479 1635 1636 1480)
4(1480 1636 1637 1481)
4(1477 1483 1639 1633)
4(1482 1638 1639 1483)
4(1478 1484 1640 1634)
4(1483 1639 1640 1484)
4(1479 1485 1641 1635)
4(1484 1640 1641 1485)
4(1480 1486 1642 1636)
4(1485 1641 1642 1486)
4(1486 1642 1643 1487)
4(1483 1489 1645 1639)
4(1488 1644 1645 1489)
4(1484 1490 1646 1640)
4(1489 1645 1646 1490)
4(1485 1491 1647 1641)
4(1490 1646 1647 1491)
4(1486 1492 1648 1642)
4(1491 1647 1648 1492)
4(1492 1648 1649 1493)
4(1489 1495 1651 1645)
4(1494 1650 1651 1495)
4(1490 1496 1652 1646)
4(1495 1651 1652 1496)
4(1491 1497 1653 1647)
4(1496 1652 1653 1497)
4(1492 1498 1654 1648)
4(1497 1653 1654 1498)
4(1498 1654 1655 1499)
4(1495 1501 1657 1651)
4(1500 1656 1657 1501)
4(1496 1502 1658 1652)
4(1501 1657 1658 1502)
4(1497 1503 1659 1653)
4(1502 1658 1659 1503)
4(1498 1504 1660 1654)
4(1503 1659 1660 1504)
4(1504 1660 1661 1505)
4(1501 1507 1663 1657)
4(1506 1662 1663 1507)
4(1502 1508 1664 1658)
4(1507 1663 1664 1508)
4(1503 1509 1665 1659)
4(1508 1664 1665 1509)
4(1504 1510 1666 1660)
4(1509 1665 1666 1510)
4(1510 1666 1667 1511)
4(1507 1513 1669 1663)
4(1512 1668 1669 1513)
4(1508 1514 1670 1664)
4(1513 1669 1670 1514)
4(1509 1515 1671 1665)
4(1514 1670 1671 1515)
4(1510 1516 1672 1666)
4(1515 1671 1672 1516)
4(1516 1672 1673 1517)
4(1513 1519 1675 1669)
4(1518 1674 1675 1519)
4(1514 1520 1676 1670)
4(1519 1675 1676 1520)
4(1515 1521 1677 1671)
4(1520 1676 1677 1521)
4(1516 1522 1678 1672)
4(1521 1677 1678 1522)
4(1522 1678 1679 1523)
4(1519 1525 1681 1675)
4(1524 1680 1681 1525)
4(1520 1526 1682 1676)
4(1525 1681 1682 1526)
4(1521 1527 1683 1677)
4(1526 1682 1683 1527)
4(1522 1528 1684 1678)
4(1527 1683 1684 1528)
4(1528 1684 1685 1529)
4(1525 1531 1687 1681)
4(1530 1686 1687 1531)
4(1526 1532 1688 1682)
4(1531 1687 1688 1532)
4(1527 1533 1689 1683)
4(1532 1688 1689 1533)
4(1528 1534 1690 1684)
4(1533 1689 1690 1534)
4(1534 1690 1691 1535)
4(1531 1537 1693 1687)
4(1536 1692 1693 1537)
4(1532 1538 1694 1688)
4(1537 1693 1694 1538)
4(1533 1539 1695 1689)
4(1538 1694 1695 1539)
4(1534 1540 1696 1690)
4(1539 1695 1696 1540)
4(1540 1696 1697 1541)
4(1537 1543 1699 1693)
4(1542 1698 1699 1543)
4(1538 1544 1700 1694)
4(1543 1699 1700 1544)
4(1539 1545 1701 1695)
4(1544 1700 1701 1545)
4(1540 1546 1702 1696)
4(1545 1701 1702 1546)
4(1546 1702 1703 1547)
4(1543 1549 1705 1699)
4(1548 1704 1705 1549)
4(1544 1550 1706 1700)
4(1549 1705 1706 1550)
4(1545 1551 1707 1701)
4(1550 1706 1707 1551)
4(1546 1552 1708 1702)
4(1551 1707 1708 1552)
4(1552 1708 1709 1553)
4(1549 1555 1711 1705)
4(1550 1556 1712 1706)
4(1551 1557 1713 1707)
4(1552 1558 1714 1708)
4(150 306 307 151)
4(306 462 463 307)
4(462 618 619 463)
4(618 774 775 619)
4(774 930 931 775)
4(930 1086 1087 931)
4(1086 1242 1243 1087)
4(1242 1398 1399 1243)
4(1398 1554 1555 1399)
4(1554 1710 1711 1555)
4(151 307 308 152)
4(307 463 464 308)
4(463 619 620 464)
4(619 775 776 620)
4(775 931 932 776)
4(931 1087 1088 932)
4(1087 1243 1244 1088)
4(1243 1399 1400 1244)
4(1399 1555 1556 1400)
4(1555 1711 1712 1556)
4(152 308 309 153)
4(308 464 465 309)
4(464 620 621 465)
4(620 776 777 621)
4(776 932 933 777)
4(932 1088 1089 933)
4(1088 1244 1245 1089)
4(1244 1400 1401 1245)
4(1400 1556 1557 1401)
4(1556 1712 1713 1557)
4(153 309 310 154)
4(309 465 466 310)
4(465 621 622 466)
4(621 777 778 622)
4(777 933 934 778)
4(933 1089 1090 934)
4(1089 1245 1246 1090)
4(1245 1401 1402 1246)
4(1401 1557 1558 1402)
4(1557 1713 1714 1558)
4(154 310 311 155)
4(310 466 467 311)
4(466 622 623 467)
4(622 778 779 623)
4(778 934 935 779)
4(934 1090 1091 935)
4(1090 1246 1247 1091)
4(1246 1402 1403 1247)
4(1402 1558 1559 1403)
4(1558 1714 1715 1559)
4(1560 1561 1567 1566)
4(1566 1567 1573 1572)
4(1572 1573 1579 1578)
4(1578 1579 1585 1584)
4(1584 1585 1591 1590)
4(1590 1591 1597 1596)
4(1596 1597 1603 1602)
4(1602 1603 1609 1608)
4(1608 1609 1615 1614)
4(1614 1615 1621 1620)
4(1620 1621 1627 1626)
4(1626 1627 1633 1632)
4(1632 1633 1639 1638)
4(1638 1639 1645 1644)
4(1644 1645 1651 1650)
4(1650 1651 1657 1656)
4(1656 1657 1663 1662)
4(1662 1663 1669 1668)
4(1668 1669 1675 1674)
4(1674 1675 1681 1680)
4(1680 1681 1687 1686)
4(1686 1687 1693 1692)
4(1692 1693 1699 1698)
4(1698 1699 1705 1704)
4(1704 1705 1711 1710)
4(1561 1562 1568 1567)
4(1567 1568 1574 1573)
4(1573 1574 1580 1579)
4(1579 1580 1586 1585)
4(1585 1586 1592 1591)
4(1591 1592 1598 1597)
4(1597 1598 1604 1603)
4(1603 1604 1610 1609)
4(1609 1610 1616 1615)
4(1615 1616 1622 1621)
4(1621 1622 1628 1627)
4(1627 1628 1634 1633)
4(1633 1634 1640 1639)
4(1639 1640 1646 1645)
4(1645 1646 1652 1651)
4(1651 1652 1658 1657)
4(1657 1658 1664 1663)
4(1663 1664 1670 1669)
4(1669 1670 1676 1675)
4(1675 1676 1682 1681)
4(1681 1682 1688 1687)
4(1687 1688 1694 1693)
4(1693 1694 1700 1699)
4(1699 1700 1706 1705)
4(1705 1706 1712 1711)
4(1562 1563 1569 1568)
4(1568 1569 1575 1574)
4(1574 1575 1581 1580)
4(1580 1581 1587 1586)
4(1586 1587 1593 1592)
4(1592 1593 1599 1598)
4(1598 1599 1605 1604)
4(1604 1605 1611 1610)
4(1610 1611 1617 1616)
4(1616 1617 1623 1622)
4(1622 1623 1629 1628)
4(1628 1629 1635 1634)
4(1634 1635 1641 1640)
4(1640 1641 1647 1646)
4(1646 1647 1653 1652)
4(1652 1653 1659 1658)
4(1658 1659 1665 1664)
4(1664 1665 1671 1670)
4(1670 1671 1677 1676)
4(1676 1677 1683 1682)
4(1682 1683 1689 1688)
4(1688 1689 1695 1694)
4(1694 1695 1701 1700)
4(1700 1701 1707 1706)
4(1706 1707 1713 1712)
4(1563 1564 1570 1569)
4(1569 1570 1576 1575)
4(1575 1576 1582 1581)
4(1581 1582 1588 1587)
4(1587 1588 1594 1593)
4(1593 1594 1600 1599)
4(1599 1600 1606 1605)
4(1605 1606 1612 1611)
4(1611 1612 1618 1617)
4(1617 1618 1624 1623)
4(1623 1624 1630 1629)
4(1629 1630 1636 1635)
4(1635 1636 1642 1641)
4(1641 1642 1648 1647)
4(1647 1648 1654 1653)
4(1653 1654 1660 1659)
4(1659 1660 1666 1665)
4(1665 1666 1672 1671)
4(1671 1672 1678 1677)
4(1677 1678 1684 1683)
4(1683 1684 1690 1689)
4(1689 1690 1696 1695)
4(1695 1696 1702 1701)
4(1701 1702 1708 1707)
4(1707 1708 1714 1713)
4(1564 1565 1571 1570)
4(1570 1571 1577 1576)
4(1576 1577 1583 1582)
4(1582 1583 1589 1588)
4(1588 1589 1595 1594)
4(1594 1595 1601 1600)
4(1600 1601 1607 1606)
4(1606 1607 1613 1612)
4(1612 1613 1619 1618)
4(1618 1619 1625 1624)
4(1624 1625 1631 1630)
4(1630 1631 1637 1636)
4(1636 1637 1643 1642)
4(1642 1643 1649 1648)
4(1648 1649 1655 1654)
4(1654 1655 1661 1660)
4(1660 1661 1667 1666)
4(1666 1667 1673 1672)
4(1672 1673 1679 1678)
4(1678 1679 1685 1684)
4(1684 1685 1691 1690)
4(1690 1691 1697 1696)
4(1696 1697 1703 1702)
4(1702 1703 1709 1708)
4(1708 1709 1715 1714)
4(0 6 7 1)
4(6 12 13 7)
4(12 18 19 13)
4(18 24 25 19)
4(24 30 31 25)
4(30 36 37 31)
4(36 42 43 37)
4(42 48 49 43)
4(48 54 55 49)
4(54 60 61 55)
4(60 66 67 61)
4(66 72 73 67)
4(72 78 79 73)
4(78 84 85 79)
4(84 90 91 85)
4(90 96 97 91)
4(96 102 103 97)
4(102 108 109 103)
4(108 114 115 109)
4(114 120 121 115)
4(120 126 127 121)
4(126 132 133 127)
4(132 138 139 133)
4(138 144 145 139)
4(144 150 151 145)
4(1 7 8 2)
4(7 13 14 8)
4(13 19 20 14)
4(19 25 26 20)
4(25 31 32 26)
4(31 37 38 32)
4(37 43 44 38)
4(43 49 50 44)
4(49 55 56 50)
4(55 61 62 56)
4(61 67 68 62)
4(67 73 74 68)
4(73 79 80 74)
4(79 85 86 80)
4(85 91 92 86)
4(91 97 98 92)
4(97 103 104 98)
4(103 109 110 104)
4(109 115 116 110)
4(115 121 122 116)
4(121 127 128 122)
4(127 133 134 128)
4(133 139 140 134)
4(139 145 146 140)
4(145 151 152 146)
4(2 8 9 3)
4(8 14 15 9)
4(14 20 21 15)
4(20 26 27 21)
4(26 32 33 27)
4(32 38 39 33)
4(38 44 45 39)
4(44 50 51 45)
4(50 56 57 51)
4(56 62 63 57)
4(62 68 69 63)
4(68 74 75 69)
4(74 80 81 75)
4(80 86 87 81)
4(86 92 93 87)
4(92 98 99 93)
4(98 104 105 99)
4(104 110 111 105)
4(110 116 117 111)
4(116 122 123 117)
4(122 128 129 123)
4(128 134 135 129)
4(134 140 141 135)
4(140 146 147 141)
4(146 152 153 147)
4(3 9 10 4)
4(9 15 16 10)
4(15 21 22 16)
4(21 27 28 22)
4(27 33 34 28)
4(33 39 40 34)
4(39 45 46 40)
4(45 51 52 46)
4(51 57 58 52)
4(57 63 64 58)
4(63 69 70 64)
4(69 75 76 70)
4(75 81 82 76)
4(81 87 88 82)
4(87 93 94 88)
4(93 99 100 94)
4(99 105 106 100)
4(105 111 112 106)
4(111 117 118 112)
4(117 123 124 118)
4(123 129 130 124)
4(129 135 136 130)
4(135 141 142 136)
4(141 147 148 142)
4(147 153 154 148)
4(4 10 11 5)
4(10 16 17 11)
4(16 22 23 17)
4(22 28 29 23)
4(28 34 35 29)
4(34 40 41 35)
4(40 46 47 41)
4(46 52 53 47)
4(52 58 59 53)
4(58 64 65 59)
4(64 70 71 65)
4(70 76 77 71)
4(76 82 83 77)
4(82 88 89 83)
4(88 94 95 89)
4(94 100 101 95)
4(100 106 107 101)
4(106 112 113 107)
4(112 118 119 113)
4(118 124 125 119)
4(124 130 131 125)
4(130 136 137 131)
4(136 142 143 137)
4(142 148 149 143)
4(148 154 155 149)
4(0 1 157 156)
4(1 2 158 157)
4(2 3 159 158)
4(3 4 160 159)
4(4 5 161 160)
4(156 157 313 312)
4(157 158 314 313)
4(158 159 315 314)
4(159 160 316 315)
4(160 161 317 316)
4(312 313 469 468)
4(313 314 470 469)
4(314 315 471 470)
4(315 316 472 471)
4(316 317 473 472)
4(468 469 625 624)
4(469 470 626 625)
4(470 471 627 626)
4(471 472 628 627)
4(472 473 629 628)
4(624 625 781 780)
4(625 626 782 781)
4(626 627 783 782)
4(627 628 784 783)
4(628 629 785 784)
4(780 781 937 936)
4(781 782 938 937)
4(782 783 939 938)
4(783 784 940 939)
4(784 785 941 940)
4(936 937 1093 1092)
4(937 938 1094 1093)
4(938 939 1095 1094)
4(939 940 1096 1095)
4(940 941 1097 1096)
4(1092 1093 1249 1248)
4(1093 1094 1250 1249)
4(1094 1095 1251 1250)
4(1095 1096 1252 1251)
4(1096 1097 1253 1252)
4(1248 1249 1405 1404)
4(1249 1250 1406 1405)
4(1250 1251 1407 1406)
4(1251 1252 1408 1407)
4(1252 1253 1409 1408)
4(1404 1405 1561 1560)
4(1405 1406 1562 1561)
4(1406 1407 1563 1562)
4(1407 1408 1564 1563)
4(1408 1409 1565 1564)
4(5 11 167 161)
4(11 17 173 167)
4(17 23 179 173)
4(23 29 185 179)
4(29 35 191 185)
4(35 41 197 191)
4(41 47 203 197)
4(47 53 209 203)
4(53 59 215 209)
4(59 65 221 215)
4(65 71 227 221)
4(71 77 233 227)
4(77 83 239 233)
4(83 89 245 239)
4(89 95 251 245)
4(95 101 257 251)
4(101 107 263 257)
4(107 113 269 263)
4(113 119 275 269)
4(119 125 281 275)
4(125 131 287 281)
4(131 137 293 287)
4(137 143 299 293)
4(143 149 305 299)
4(149 155 311 305)
4(161 167 323 317)
4(167 173 329 323)
4(173 179 335 329)
4(179 185 341 335)
4(185 191 347 341)
4(191 197 353 347)
4(197 203 359 353)
4(203 209 365 359)
4(209 215 371 365)
4(215 221 377 371)
4(221 227 383 377)
4(227 233 389 383)
4(233 239 395 389)
4(239 245 401 395)
4(245 251 407 401)
4(251 257 413 407)
4(257 263 419 413)
4(263 269 425 419)
4(269 275 431 425)
4(275 281 437 431)
4(281 287 443 437)
4(287 293 449 443)
4(293 299 455 449)
4(299 305 461 455)
4(305 311 467 461)
4(317 323 479 473)
4(323 329 485 479)
4(329 335 491 485)
4(335 341 497 491)
4(341 347 503 497)
4(347 353 509 503)
4(353 359 515 509)
4(359 365 521 515)
4(365 371 527 521)
4(371 377 533 527)
4(377 383 539 533)
4(383 389 545 539)
4(389 395 551 545)
4(395 401 557 551)
4(401 407 563 557)
4(407 413 569 563)
4(413 419 575 569)
4(419 425 581 575)
4(425 431 587 581)
4(431 437 593 587)
4(437 443 599 593)
4(443 449 605 599)
4(449 455 611 605)
4(455 461 617 611)
4(461 467 623 617)
4(473 479 635 629)
4(479 485 641 635)
4(485 491 647 641)
4(491 497 653 647)
4(497 503 659 653)
4(503 509 665 659)
4(509 515 671 665)
4(515 521 677 671)
4(521 527 683 677)
4(527 533 689 683)
4(533 539 695 689)
4(539 545 701 695)
4(545 551 707 701)
4(551 557 713 707)
4(557 563 719 713)
4(563 569 725 719)
4(569 575 731 725)
4(575 581 737 731)
4(581 587 743 737)
4(587 593 749 743)
4(593 599 755 749)
4(599 605 761 755)
4(605 611 767 761)
4(611 617 773 767)
4(617 623 779 773)
4(629 635 791 785)
4(635 641 797 791)
4(641 647 803 797)
4(647 653 809 803)
4(653 659 815 809)
4(659 665 821 815)
4(665 671 827 821)
4(671 677 833 827)
4(677 683 839 833)
4(683 689 845 839)
4(689 695 851 845)
4(695 701 857 851)
4(701 707 863 857)
4(707 713 869 863)
4(713 719 875 869)
4(719 725 881 875)
4(725 731 887 881)
4(731 737 893 887)
4(737 743 899 893)
4(743 749 905 899)
4(749 755 911 905)
4(755 761 917 911)
4(761 767 923 917)
4(767 773 929 923)
4(773 779 935 929)
4(785 791 947 941)
4(791 797 953 947)
4(797 803 959 953)
4(803 809 965 959)
4(809 815 971 965)
4(815 821 977 971)
4(821 827 983 977)
4(827 833 989 983)
4(833 839 995 989)
4(839 845 1001 995)
4(845 851 1007 1001)
4(851 857 1013 1007)
4(857 863 1019 1013)
4(863 869 1025 1019)
4(869 875 1031 1025)
4(875 881 1037 1031)
4(881 887 1043 1037)
4(887 893 1049 1043)
4(893 899 1055 1049)
4(899 905 1061 1055)
4(905 911 1067 1061)
4(911 917 1073 1067)
4(917 923 1079 1073)
4(923 929 1085 1079)
4(929 935 1091 1085)
4(941 947 1103 1097)
4(947 953 1109 1103)
4(953 959 1115 1109)
4(959 965 1121 1115)
4(965 971 1127 1121)
4(971 977 1133 1127)
4(977 983 1139 1133)
4(983 989 1145 1139)
4(989 995 1151 1145)
4(995 1001 1157 1151)
4(1001 1007 1163 1157)
4(1007 1013 1169 1163)
4(1013 1019 1175 1169)
4(1019 1025 1181 1175)
4(1025 1031 1187 1181)
4(1031 1037 1193 1187)
4(1037 1043 1199 1193)
4(1043 1049 1205 1199)
4(1049 1055 1211 1205)
4(1055 1061 1217 1211)
4(1061 1067 1223 1217)
4(1067 1073 1229 1223)
4(1073 1079 1235 1229)
4(1079 1085 1241 1235)
4(1085 1091 1247 1241)
4(1097 1103 1259 1253)
4(1103 1109 1265 1259)
4(1109 1115 1271 1265)
4(1115 1121 1277 1271)
4(1121 1127 1283 1277)
4(1127 1133 1289 1283)
4(1133 1139 1295 1289)
4(1139 1145 1301 1295)
4(1145 1151 1307 1301)
4(1151 1157 1313 1307)
4(1157 1163 1319 1313)
4(1163 1169 1325 1319)
4(1169 1175 1331 1325)
4(1175 1181 1337 1331)
4(1181 1187 1343 1337)
4(1187 1193 1349 1343)
4(1193 1199 1355 1349)
4(1199 1205 1361 1355)
4(1205 1211 1367 1361)
4(1211 1217 1373 1367)
4(1217 1223 1379 1373)
4(1223 1229 1385 1379)
4(1229 1235 1391 1385)
4(1235 1241 1397 1391)
4(1241 1247 1403 1397)
4(1253 1259 1415 1409)
4(1259 1265 1421 1415)
4(1265 1271 1427 1421)
4(1271 1277 1433 1427)
4(1277 1283 1439 1433)
4(1283 1289 1445 1439)
4(1289 1295 1451 1445)
4(1295 1301 1457 1451)
4(1301 1307 1463 1457)
4(1307 1313 1469 1463)
4(1313 1319 1475 1469)
4(1319 1325 1481 1475)
4(1325 1331 1487 1481)
4(1331 1337 1493 1487)
4(1337 1343 1499 1493)
4(1343 1349 1505 1499)
4(1349 1355 1511 1505)
4(1355 1361 1517 1511)
4(1361 1367 1523 1517)
4(1367 1373 1529 1523)
4(1373 1379 1535 1529)
4(1379 1385 1541 1535)
4(1385 1391 1547 1541)
4(1391 1397 1553 1547)
4(1397 1403 1559 1553)
4(1409 1415 1571 1565)
4(1415 1421 1577 1571)
4(1421 1427 1583 1577)
4(1427 1433 1589 1583)
4(1433 1439 1595 1589)
4(1439 1445 1601 1595)
4(1445 1451 1607 1601)
4(1451 1457 1613 1607)
4(1457 1463 1619 1613)
4(1463 1469 1625 1619)
4(1469 1475 1631 1625)
4(1475 1481 1637 1631)
4(1481 1487 1643 1637)
4(1487 1493 1649 1643)
4(1493 1499 1655 1649)
4(1499 1505 1661 1655)
4(1505 1511 1667 1661)
4(1511 1517 1673 1667)
4(1517 1523 1679 1673)
4(1523 1529 1685 1679)
4(1529 1535 1691 1685)
4(1535 1541 1697 1691)
4(1541 1547 1703 1697)
4(1547 1553 1709 1703)
4(1553 1559 1715 1709)
4(0 156 162 6)
4(6 162 168 12)
4(12 168 174 18)
4(18 174 180 24)
4(24 180 186 30)
4(30 186 192 36)
4(36 192 198 42)
4(42 198 204 48)
4(48 204 210 54)
4(54 210 216 60)
4(60 216 222 66)
4(66 222 228 72)
4(72 228 234 78)
4(78 234 240 84)
4(84 240 246 90)
4(90 246 252 96)
4(96 252 258 102)
4(102 258 264 108)
4(108 264 270 114)
4(114 270 276 120)
4(120 276 282 126)
4(126 282 288 132)
4(132 288 294 138)
4(138 294 300 144)
4(144 300 306 150)
4(156 312 318 162)
4(162 318 324 168)
4(168 324 330 174)
4(174 330 336 180)
4(180 336 342 186)
4(186 342 348 192)
4(192 348 354 198)
4(198 354 360 204)
4(204 360 366 210)
4(210 366 372 216)
4(216 372 378 222)
4(222 378 384 228)
4(228 384 390 234)
4(234 390 396 240)
4(240 396 402 246)
4(246 402 408 252)
4(252 408 414 258)
4(258 414 420 264)
4(264 420 426 270)
4(270 426 432 276)
4(276 432 438 282)
4(282 438 444 288)
4(288 444 450 294)
4(294 450 456 300)
4(300 456 462 306)
4(312 468 474 318)
4(318 474 480 324)
4(324 480 486 330)
4(330 486 492 336)
4(336 492 498 342)
4(342 498 504 348)
4(348 504 510 354)
4(354 510 516 360)
4(360 516 522 366)
4(366 522 528 372)
4(372 528 534 378)
4(378 534 540 384)
4(384 540 546 390)
4(390 546 552 396)
4(396 552 558 402)
4(402 558 564 408)
4(408 564 570 414)
4(414 570 576 420)
4(420 576 582 426)
4(426 582 588 432)
4(432 588 594 438)
4(438 594 600 444)
4(444 600 606 450)
4(450 606 612 456)
4(456 612 618 462)
4(468 624 630 474)
4(474 630 636 480)
4(480 636 642 486)
4(486 642 648 492)
4(492 648 654 498)
4(498 654 660 504)
4(504 660 666 510)
4(510 666 672 516)
4(516 672 678 522)
4(522 678 684 528)
4(528 684 690 534)
4(534 690 696 540)
4(540 696 702 546)
4(546 702 708 552)
4(552 708 714 558)
4(558 714 720 564)
4(564 720 726 570)
4(570 726 732 576)
4(576 732 738 582)
4(582 738 744 588)
4(588 744 750 594)
4(594 750 756 600)
4(600 756 762 606)
4(606 762 768 612)
4(612 768 774 618)
4(624 780 786 630)
4(630 786 792 636)
4(636 792 798 642)
4(642 798 804 648)
4(648 804 810 654)
4(654 810 816 660)
4(660 816 822 666)
4(666 822 828 672)
4(672 828 834 678)
4(678 834 840 684)
4(684 840 846 690)
4(690 846 852 696)
4(696 852 858 702)
4(702 858 864 708)
4(708 864 870 714)
4(714 870 876 720)
4(720 876 882 726)
4(726 882 888 732)
4(732 888 894 738)
4(738 894 900 744)
4(744 900 906 750)
4(750 906 912 756)
4(756 912 918 762)
4(762 918 924 768)
4(768 924 930 774)
4(780 936 942 786)
4(786 942 948 792)
4(792 948 954 798)
4(798 954 960 804)
4(804 960 966 810)
4(810 966 972 816)
4(816 972 978 822)
4(822 978 984 828)
4(828 984 990 834)
4(834 990 996 840)
4(840 996 1002 846)
4(846 1002 1008 852)
4(852 1008 1014 858)
4(858 1014 1020 864)
4(864 1020 1026 870)
4(870 1026 1032 876)
4(876 1032 1038 882)
4(882 1038 1044 888)
4(888 1044 1050 894)
4(894 1050 1056 900)
4(900 1056 1062 906)
4(906 1062 1068 912)
4(912 1068 1074 918)
4(918 1074 1080 924)
4(924 1080 1086 930)
4(936 1092 1098 942)
4(942 1098 1104 948)
4(948 1104 1110 954)
4(954 1110 1116 960)
4(960 1116 1122 966)
4(966 1122 1128 972)
4(972 1128 1134 978)
4(978 1134 1140 984)
4(984 1140 1146 990)
4(990 1146 1152 996)
4(996 1152 1158 1002)
4(1002 1158 1164 1008)
4(1008 1164 1170 1014)
4(1014 1170 1176 1020)
4(1020 1176 1182 1026)
4(1026 1182 1188 1032)
4(1032 1188 1194 1038)
4(1038 1194 1200 1044)
4(1044 1200 1206 1050)
4(1050 1206 1212 1056)
4(1056 1212 1218 1062)
4(1062 1218 1224 1068)
4(1068 1224 1230 1074)
4(1074 1230 1236 1080)
4(1080 1236 1242 1086)
4(1092 1248 1254 1098)
4(1098 1254 1260 1104)
4(1104 1260 1266 1110)
4(1110 1266 1272 1116)
4(1116 1272 1278 1122)
4(1122 1278 1284 1128)
4(1128 1284 1290 1134)
4(1134 1290 1296 1140)
4(1140 1296 1302 1146)
4(1146 1302 1308 1152)
4(1152 1308 1314 1158)
4(1158 1314 1320 1164)
4(1164 1320 1326 1170)
4(1170 1326 1332 1176)
4(1176 1332 1338 1182)
4(1182 1338 1344 1188)
4(1188 1344 1350 1194)
4(1194 1350 1356 1200)
4(1200 1356 1362 1206)
4(1206 1362 1368 1212)
4(1212 1368 1374 1218)
4(1218 1374 1380 1224)
4(1224 1380 1386 1230)
4(1230 1386 1392 1236)
4(1236 1392 1398 1242)
4(1248 1404 1410 1254)
4(1254 1410 1416 1260)
4(1260 1416 1422 1266)
4(1266 1422 1428 1272)
4(1272 1428 1434 1278)
4(1278 1434 1440 1284)
4(1284 1440 1446 1290)
4(1290 1446 1452 1296)
4(1296 1452 1458 1302)
4(1302 1458 1464 1308)
4(1308 1464 1470 1314)
4(1314 1470 1476 1320)
4(1320 1476 1482 1326)
4(1326 1482 1488 1332)
4(1332 1488 1494 1338)
4(1338 1494 1500 1344)
4(1344 1500 1506 1350)
4(1350 1506 1512 1356)
4(1356 1512 1518 1362)
4(1362 1518 1524 1368)
4(1368 1524 1530 1374)
4(1374 1530 1536 1380)
4(1380 1536 1542 1386)
4(1386 1542 1548 1392)
4(1392 1548 1554 1398)
4(1404 1560 1566 1410)
4(1410 1566 1572 1416)
4(1416 1572 1578 1422)
4(1422 1578 1584 1428)
4(1428 1584 1590 1434)
4(1434 1590 1596 1440)
4(1440 1596 1602 1446)
4(1446 1602 1608 1452)
4(1452 1608 1614 1458)
4(1458 1614 1620 1464)
4(1464 1620 1626 1470)
4(1470 1626 1632 1476)
4(1476 1632 1638 1482)
4(1482 1638 1644 1488)
4(1488 1644 1650 1494)
4(1494 1650 1656 1500)
4(1500 1656 1662 1506)
4(1506 1662 1668 1512)
4(1512 1668 1674 1518)
4(1518 1674 1680 1524)
4(1524 1680 1686 1530)
4(1530 1686 1692 1536)
4(1536 1692 1698 1542)
4(1542 1698 1704 1548)
4(1548 1704 1710 1554)
)


// ************************************************************************* //
