/*--------------------------------*- C++ -*----------------------------------*\
| =========                 |                                                 |
| \\      /  F ield         | OpenFOAM: The Open Source CFD Toolbox           |
|  \\    /   O peration     | Version:  2306                                  |
|   \\  /    A nd           | Website:  www.openfoam.com                      |
|    \\/     M anipulation  |                                                 |
\*---------------------------------------------------------------------------*/
FoamFile
{
    version     2.0;
    format      ascii;
    arch        "LSB;label=32;scalar=64";
    class       labelList;
    location    "constant/polyMesh";
    object      pointProcAddressing;
}
// * * * * * * * * * * * * * * * * * * * * * * * * * * * * * * * * * * * * * //


1716
(
275
276
277
278
279
280
286
287
288
289
290
291
297
298
299
300
301
302
308
309
310
311
312
313
319
320
321
322
323
324
330
331
332
333
334
335
341
342
343
344
345
346
352
353
354
355
356
357
363
364
365
366
367
368
374
375
376
377
378
379
385
386
387
388
389
390
396
397
398
399
400
401
407
408
409
410
411
412
418
419
420
421
422
423
429
430
431
432
433
434
440
441
442
443
444
445
451
452
453
454
455
456
462
463
464
465
466
467
473
474
475
476
477
478
484
485
486
487
488
489
495
496
497
498
499
500
506
507
508
509
510
511
517
518
519
520
521
522
528
529
530
531
532
533
539
540
541
542
543
544
550
551
552
553
554
555
836
837
838
839
840
841
847
848
849
850
851
852
858
859
860
861
862
863
869
870
871
872
873
874
880
881
882
883
884
885
891
892
893
894
895
896
902
903
904
905
906
907
913
914
915
916
917
918
924
925
926
927
928
929
935
936
937
938
939
940
946
947
948
949
950
951
957
958
959
960
961
962
968
969
970
971
972
973
979
980
981
982
983
984
990
991
992
993
994
995
1001
1002
1003
1004
1005
1006
1012
1013
1014
1015
1016
1017
1023
1024
1025
1026
1027
1028
1034
1035
1036
1037
1038
1039
1045
1046
1047
1048
1049
1050
1056
1057
1058
1059
1060
1061
1067
1068
1069
1070
1071
1072
1078
1079
1080
1081
1082
1083
1089
1090
1091
1092
1093
1094
1100
1101
1102
1103
1104
1105
1111
1112
1113
1114
1115
1116
1397
1398
1399
1400
1401
1402
1408
1409
1410
1411
1412
1413
1419
1420
1421
1422
1423
1424
1430
1431
1432
1433
1434
1435
1441
1442
1443
1444
1445
1446
1452
1453
1454
1455
1456
1457
1463
1464
1465
1466
1467
1468
1474
1475
1476
1477
1478
1479
1485
1486
1487
1488
1489
1490
1496
1497
1498
1499
1500
1501
1507
1508
1509
1510
1511
1512
1518
1519
1520
1521
1522
1523
1529
1530
1531
1532
1533
1534
1540
1541
1542
1543
1544
1545
1551
1552
1553
1554
1555
1556
1562
1563
1564
1565
1566
1567
1573
1574
1575
1576
1577
1578
1584
1585
1586
1587
1588
1589
1595
1596
1597
1598
1599
1600
1606
1607
1608
1609
1610
1611
1617
1618
1619
1620
1621
1622
1628
1629
1630
1631
1632
1633
1639
1640
1641
1642
1643
1644
1650
1651
1652
1653
1654
1655
1661
1662
1663
1664
1665
1666
1672
1673
1674
1675
1676
1677
1958
1959
1960
1961
1962
1963
1969
1970
1971
1972
1973
1974
1980
1981
1982
1983
1984
1985
1991
1992
1993
1994
1995
1996
2002
2003
2004
2005
2006
2007
2013
2014
2015
2016
2017
2018
2024
2025
2026
2027
2028
2029
2035
2036
2037
2038
2039
2040
2046
2047
2048
2049
2050
2051
2057
2058
2059
2060
2061
2062
2068
2069
2070
2071
2072
2073
2079
2080
2081
2082
2083
2084
2090
2091
2092
2093
2094
2095
2101
2102
2103
2104
2105
2106
2112
2113
2114
2115
2116
2117
2123
2124
2125
2126
2127
2128
2134
2135
2136
2137
2138
2139
2145
2146
2147
2148
2149
2150
2156
2157
2158
2159
2160
2161
2167
2168
2169
2170
2171
2172
2178
2179
2180
2181
2182
2183
2189
2190
2191
2192
2193
2194
2200
2201
2202
2203
2204
2205
2211
2212
2213
2214
2215
2216
2222
2223
2224
2225
2226
2227
2233
2234
2235
2236
2237
2238
2519
2520
2521
2522
2523
2524
2530
2531
2532
2533
2534
2535
2541
2542
2543
2544
2545
2546
2552
2553
2554
2555
2556
2557
2563
2564
2565
2566
2567
2568
2574
2575
2576
2577
2578
2579
2585
2586
2587
2588
2589
2590
2596
2597
2598
2599
2600
2601
2607
2608
2609
2610
2611
2612
2618
2619
2620
2621
2622
2623
2629
2630
2631
2632
2633
2634
2640
2641
2642
2643
2644
2645
2651
2652
2653
2654
2655
2656
2662
2663
2664
2665
2666
2667
2673
2674
2675
2676
2677
2678
2684
2685
2686
2687
2688
2689
2695
2696
2697
2698
2699
2700
2706
2707
2708
2709
2710
2711
2717
2718
2719
2720
2721
2722
2728
2729
2730
2731
2732
2733
2739
2740
2741
2742
2743
2744
2750
2751
2752
2753
2754
2755
2761
2762
2763
2764
2765
2766
2772
2773
2774
2775
2776
2777
2783
2784
2785
2786
2787
2788
2794
2795
2796
2797
2798
2799
3080
3081
3082
3083
3084
3085
3091
3092
3093
3094
3095
3096
3102
3103
3104
3105
3106
3107
3113
3114
3115
3116
3117
3118
3124
3125
3126
3127
3128
3129
3135
3136
3137
3138
3139
3140
3146
3147
3148
3149
3150
3151
3157
3158
3159
3160
3161
3162
3168
3169
3170
3171
3172
3173
3179
3180
3181
3182
3183
3184
3190
3191
3192
3193
3194
3195
3201
3202
3203
3204
3205
3206
3212
3213
3214
3215
3216
3217
3223
3224
3225
3226
3227
3228
3234
3235
3236
3237
3238
3239
3245
3246
3247
3248
3249
3250
3256
3257
3258
3259
3260
3261
3267
3268
3269
3270
3271
3272
3278
3279
3280
3281
3282
3283
3289
3290
3291
3292
3293
3294
3300
3301
3302
3303
3304
3305
3311
3312
3313
3314
3315
3316
3322
3323
3324
3325
3326
3327
3333
3334
3335
3336
3337
3338
3344
3345
3346
3347
3348
3349
3355
3356
3357
3358
3359
3360
3641
3642
3643
3644
3645
3646
3652
3653
3654
3655
3656
3657
3663
3664
3665
3666
3667
3668
3674
3675
3676
3677
3678
3679
3685
3686
3687
3688
3689
3690
3696
3697
3698
3699
3700
3701
3707
3708
3709
3710
3711
3712
3718
3719
3720
3721
3722
3723
3729
3730
3731
3732
3733
3734
3740
3741
3742
3743
3744
3745
3751
3752
3753
3754
3755
3756
3762
3763
3764
3765
3766
3767
3773
3774
3775
3776
3777
3778
3784
3785
3786
3787
3788
3789
3795
3796
3797
3798
3799
3800
3806
3807
3808
3809
3810
3811
3817
3818
3819
3820
3821
3822
3828
3829
3830
3831
3832
3833
3839
3840
3841
3842
3843
3844
3850
3851
3852
3853
3854
3855
3861
3862
3863
3864
3865
3866
3872
3873
3874
3875
3876
3877
3883
3884
3885
3886
3887
3888
3894
3895
3896
3897
3898
3899
3905
3906
3907
3908
3909
3910
3916
3917
3918
3919
3920
3921
4202
4203
4204
4205
4206
4207
4213
4214
4215
4216
4217
4218
4224
4225
4226
4227
4228
4229
4235
4236
4237
4238
4239
4240
4246
4247
4248
4249
4250
4251
4257
4258
4259
4260
4261
4262
4268
4269
4270
4271
4272
4273
4279
4280
4281
4282
4283
4284
4290
4291
4292
4293
4294
4295
4301
4302
4303
4304
4305
4306
4312
4313
4314
4315
4316
4317
4323
4324
4325
4326
4327
4328
4334
4335
4336
4337
4338
4339
4345
4346
4347
4348
4349
4350
4356
4357
4358
4359
4360
4361
4367
4368
4369
4370
4371
4372
4378
4379
4380
4381
4382
4383
4389
4390
4391
4392
4393
4394
4400
4401
4402
4403
4404
4405
4411
4412
4413
4414
4415
4416
4422
4423
4424
4425
4426
4427
4433
4434
4435
4436
4437
4438
4444
4445
4446
4447
4448
4449
4455
4456
4457
4458
4459
4460
4466
4467
4468
4469
4470
4471
4477
4478
4479
4480
4481
4482
4763
4764
4765
4766
4767
4768
4774
4775
4776
4777
4778
4779
4785
4786
4787
4788
4789
4790
4796
4797
4798
4799
4800
4801
4807
4808
4809
4810
4811
4812
4818
4819
4820
4821
4822
4823
4829
4830
4831
4832
4833
4834
4840
4841
4842
4843
4844
4845
4851
4852
4853
4854
4855
4856
4862
4863
4864
4865
4866
4867
4873
4874
4875
4876
4877
4878
4884
4885
4886
4887
4888
4889
4895
4896
4897
4898
4899
4900
4906
4907
4908
4909
4910
4911
4917
4918
4919
4920
4921
4922
4928
4929
4930
4931
4932
4933
4939
4940
4941
4942
4943
4944
4950
4951
4952
4953
4954
4955
4961
4962
4963
4964
4965
4966
4972
4973
4974
4975
4976
4977
4983
4984
4985
4986
4987
4988
4994
4995
4996
4997
4998
4999
5005
5006
5007
5008
5009
5010
5016
5017
5018
5019
5020
5021
5027
5028
5029
5030
5031
5032
5038
5039
5040
5041
5042
5043
5324
5325
5326
5327
5328
5329
5335
5336
5337
5338
5339
5340
5346
5347
5348
5349
5350
5351
5357
5358
5359
5360
5361
5362
5368
5369
5370
5371
5372
5373
5379
5380
5381
5382
5383
5384
5390
5391
5392
5393
5394
5395
5401
5402
5403
5404
5405
5406
5412
5413
5414
5415
5416
5417
5423
5424
5425
5426
5427
5428
5434
5435
5436
5437
5438
5439
5445
5446
5447
5448
5449
5450
5456
5457
5458
5459
5460
5461
5467
5468
5469
5470
5471
5472
5478
5479
5480
5481
5482
5483
5489
5490
5491
5492
5493
5494
5500
5501
5502
5503
5504
5505
5511
5512
5513
5514
5515
5516
5522
5523
5524
5525
5526
5527
5533
5534
5535
5536
5537
5538
5544
5545
5546
5547
5548
5549
5555
5556
5557
5558
5559
5560
5566
5567
5568
5569
5570
5571
5577
5578
5579
5580
5581
5582
5588
5589
5590
5591
5592
5593
5599
5600
5601
5602
5603
5604
5885
5886
5887
5888
5889
5890
5896
5897
5898
5899
5900
5901
5907
5908
5909
5910
5911
5912
5918
5919
5920
5921
5922
5923
5929
5930
5931
5932
5933
5934
5940
5941
5942
5943
5944
5945
5951
5952
5953
5954
5955
5956
5962
5963
5964
5965
5966
5967
5973
5974
5975
5976
5977
5978
5984
5985
5986
5987
5988
5989
5995
5996
5997
5998
5999
6000
6006
6007
6008
6009
6010
6011
6017
6018
6019
6020
6021
6022
6028
6029
6030
6031
6032
6033
6039
6040
6041
6042
6043
6044
6050
6051
6052
6053
6054
6055
6061
6062
6063
6064
6065
6066
6072
6073
6074
6075
6076
6077
6083
6084
6085
6086
6087
6088
6094
6095
6096
6097
6098
6099
6105
6106
6107
6108
6109
6110
6116
6117
6118
6119
6120
6121
6127
6128
6129
6130
6131
6132
6138
6139
6140
6141
6142
6143
6149
6150
6151
6152
6153
6154
6160
6161
6162
6163
6164
6165
)


// ************************************************************************* //
